#Wavelen    Fiber   ADC     others  Slicer  Dichroic    Fold    Collimator  Grating Camera  QE      TOTAL
300         1.000   0.961   0.909   0.875   0.970       1.000   0.932       0.818   0.961   0.730   0.396
305         1.000   0.961   0.909   0.875   0.970       1.000   0.932       0.832   0.961   0.740   0.409
310         1.000   0.961   0.910   0.875   0.970       1.000   0.932       0.843   0.961   0.750   0.420
320         1.000   0.961   0.910   0.875   0.970       1.000   0.932       0.856   0.961   0.750   0.426
325         1.000   0.961   0.911   0.875   0.970       1.000   0.932       0.859   0.961   0.750   0.428
330         1.000   0.961   0.911   0.875   0.970       1.000   0.932       0.858   0.961   0.750   0.428
340         1.000   0.961   0.912   0.875   0.970       1.000   0.932       0.837   0.961   0.750   0.418
350         1.000   0.961   0.913   0.875   0.970       1.000   0.932       0.788   0.961   0.740   0.388
355         1.000   0.961   0.913   0.875   0.970       1.000   0.932       0.788   0.961   0.740   0.388
