#Wavelen	Fiber	ADC	others	Slicer	Dichroic	Fold	Collimator	Grating	Camera	QE		TOTAL
300	1.000	0.968	0.891	0.931	1.000	0.964	0.958	0.717	0.941	0.780		0.390838465
305	1.000	0.968	0.891	0.931	1.000	0.964	0.958	0.755	0.941	0.790		0.416756712
310	1.000	0.968	0.892	0.931	1.000	0.964	0.958	0.793	0.941	0.800		0.443654216
320	1.000	0.968	0.892	0.931	1.000	0.964	0.958	0.821	0.941	0.800		0.459549197
325	1.000	0.968	0.893	0.931	1.000	0.964	0.958	0.844	0.941	0.800		0.472744455
330	1.000	0.968	0.893	0.931	1.000	0.964	0.958	0.857	0.941	0.800		0.480169602
340	1.000	0.968	0.894	0.931	1.000	0.964	0.958	0.876	0.941	0.800		0.491274412
350	1.000	0.968	0.895	0.931	1.000	0.964	0.958	0.867	0.941	0.790		0.480376658
360	1.000	0.968	0.895	0.931	1.000	0.964	0.958	0.849	0.941	0.770		0.459471959
370	1.000	0.968	0.895	0.931	1.000	0.964	0.958	0.819	0.941	0.720		0.414314515
375	1.000	0.968	0.895	0.931	1.000	0.964	0.958	0.798	0.941	0.720		0.403781057
380	1.000	0.968	0.895	0.931	1.000	0.964	0.958	0.787	0.941	0.720		0.398035742
385	1.000	0.968	0.896	0.931	1.000	0.964	0.958	0.768	0.941	0.720		0.388852295
390	1.000	0.968	0.896	0.931	1.000	0.964	0.958	0.745	0.941	0.720		0.377349601
400	1.000	0.968	0.896	0.931	1.000	0.964	0.958	0.707	0.941	0.740		0.367772044
410	1.000	0.968	0.896	0.931	1.000	0.964	0.958	0.707	0.941	0.740		0.367772044
420	1.000	0.968	0.896	0.931	1.000	0.964	0.958	0.707	0.941	0.740		0.367772044
