#Wavelen    Fiber   ADC     others  Slicer  Dichroic    Fold    Collimator  Grating Camera  QE      TOTAL
345         1.000   0.968   0.928   0.913   0.970       0.935   0.994       0.897   0.976   0.790   0.511
350         1.000   0.968   0.928   0.913   0.970       0.935   0.994       0.906   0.976   0.790   0.516
360         1.000   0.968   0.928   0.913   0.970       0.935   0.994       0.920   0.976   0.770   0.512
370         1.000   0.968   0.928   0.913   0.970       0.935   0.994       0.919   0.976   0.720   0.478
375         1.000   0.968   0.928   0.913   0.970       0.935   0.994       0.911   0.976   0.720   0.474
380         1.000   0.968   0.928   0.913   0.970       0.935   0.994       0.899   0.976   0.720   0.468
385         1.000   0.968   0.929   0.913   0.970       0.935   0.994       0.884   0.976   0.720   0.460
390         1.000   0.968   0.929   0.913   0.970       0.935   0.994       0.866   0.976   0.720   0.451
400         1.000   0.968   0.929   0.913   0.970       0.935   0.994       0.828   0.976   0.740   0.425
410         1.000   0.968   0.929   0.913   0.970       0.935   0.994       0.828   0.976   0.740   0.425
