#Wavelen    Fiber   ADC     others  Slicer  Dichroic    Fold    Collimator  Grating Camera  QE      TOTAL
345         1.000   0.978   0.937   0.922   0.970       1.000   0.955       0.886   0.976   0.790   0.535
350         1.000   0.978   0.937   0.922   0.970       1.000   0.955       0.900   0.976   0.790   0.543
360         1.000   0.978   0.938   0.922   0.970       1.000   0.955       0.916   0.976   0.770   0.539
370         1.000   0.978   0.938   0.922   0.970       1.000   0.955       0.912   0.976   0.720   0.502
375         1.000   0.978   0.938   0.922   0.970       1.000   0.955       0.907   0.976   0.720   0.499
380         1.000   0.978   0.938   0.922   0.970       1.000   0.955       0.899   0.976   0.720   0.495
385         1.000   0.978   0.939   0.922   0.970       1.000   0.955       0.892   0.976   0.720   0.491
390         1.000   0.978   0.939   0.922   0.970       1.000   0.955       0.883   0.976   0.720   0.486
400         1.000   0.978   0.939   0.922   0.970       1.000   0.955       0.861   0.976   0.740   0.487
410         1.000   0.978   0.939   0.922   0.970       1.000   0.955       0.840   0.976   0.740   0.476
