#Wavelen    Fiber   ADC     others  Slicer  Dichroic    Fold    Collimator  Grating Camera  QE      TOTAL
300         1.000   0.978   0.933   0.922   0.970       1.000   0.955       0.896   0.976   0.780   0.532
305         1.000   0.978   0.933   0.922   0.970       1.000   0.955       0.904   0.976   0.790   0.543
310         1.000   0.978   0.934   0.922   0.970       1.000   0.955       0.910   0.976   0.800   0.554
320         1.000   0.978   0.934   0.922   0.970       1.000   0.955       0.912   0.976   0.800   0.556
325         1.000   0.978   0.935   0.922   0.970       1.000   0.955       0.904   0.976   0.800   0.551
330         1.000   0.978   0.935   0.922   0.970       1.000   0.955       0.890   0.976   0.800   0.543
340         1.000   0.978   0.936   0.922   0.970       1.000   0.955       0.837   0.976   0.800   0.511
350         1.000   0.978   0.937   0.922   0.970       1.000   0.955       0.772   0.976   0.790   0.466
355         1.000   0.978   0.937   0.922   0.970       1.000   0.955       0.772   0.976   0.790   0.466
