l(A) TRANS_ATM X=1 according to ESO (see https://www.eso.org/observing/etc/doc/elt/etc_spec_model.pdf) a 300 e 3400 presi da articolo Astrophys Space science (Paranal)
3000	0.0340799
3001	0.0348446
3002	0.0361619
3003	0.037133
3004	0.0380818
3005	0.0388587
3006	0.0401999
3007	0.0418755
3008	0.0437982
3009	0.0460475
3010	0.0480597
3011	0.0505061
3012	0.0523747
3013	0.0538137
3014	0.0555555
3015	0.0568106
3016	0.057587
3017	0.0582981
3018	0.0590394
3019	0.0598595
3020	0.0610498
3021	0.0626111
3022	0.0641279
3023	0.0658956
3024	0.0682426
3025	0.0706981
3026	0.0733052
3027	0.0761172
3028	0.07847
3029	0.0814047
3030	0.0841344
3031	0.0863475
3032	0.0883734
3033	0.0898121
3034	0.0912095
3035	0.0925864
3036	0.0939967
3037	0.0948802
3038	0.0949293
3039	0.095192
3040	0.0962628
3041	0.0985547
3042	0.101221
3043	0.103623
3044	0.10581
3045	0.108276
3046	0.111876
3047	0.115516
3048	0.118914
3049	0.122785
3050	0.126301
3051	0.12957
3052	0.132442
3053	0.134564
3054	0.136368
3055	0.137216
3056	0.137646
3057	0.138415
3058	0.140043
3059	0.141941
3060	0.143253
3061	0.14342
3062	0.143501
3063	0.144892
3064	0.147768
3065	0.151573
3066	0.15498
3067	0.157701
3068	0.160511
3069	0.165244
3070	0.169673
3071	0.174303
3072	0.178324
3073	0.181385
3074	0.185122
3075	0.187661
3076	0.189601
3077	0.190397
3078	0.189812
3079	0.189471
3080	0.190077
3081	0.191287
3082	0.193297
3083	0.197241
3084	0.201387
3085	0.201925
3086	0.201398
3087	0.202081
3088	0.203879
3089	0.206028
3090	0.208126
3091	0.211541
3092	0.215416
3093	0.22061
3094	0.22794
3095	0.233718
3096	0.237615
3097	0.240493
3098	0.241269
3099	0.242704
3100	0.242814
3101	0.242712
3102	0.241983
3103	0.24299
3104	0.24682
3105	0.250536
3106	0.252569
3107	0.254
3108	0.256036
3109	0.258229
3110	0.259652
3111	0.260495
3112	0.259919
3113	0.25934
3114	0.26007
3115	0.263144
3116	0.268094
3117	0.273205
3118	0.278025
3119	0.282153
3120	0.285482
3121	0.287856
3122	0.289883
3123	0.292765
3124	0.296609
3125	0.299883
3126	0.301831
3127	0.303881
3128	0.305361
3129	0.306134
3130	0.308049
3131	0.308284
3132	0.307739
3133	0.304353
3134	0.300489
3135	0.300139
3136	0.303415
3137	0.306787
3138	0.310926
3139	0.315489
3140	0.3196
3141	0.32411
3142	0.328739
3143	0.333916
3144	0.339321
3145	0.34334
3146	0.345211
3147	0.345378
3148	0.345195
3149	0.346268
3150	0.34794
3151	0.348555
3152	0.348015
3153	0.345607
3154	0.338971
3155	0.335132
3156	0.337012
3157	0.342531
3158	0.347622
3159	0.353912
3160	0.35859
3161	0.362326
3162	0.364949
3163	0.367397
3164	0.370644
3165	0.374099
3166	0.377705
3167	0.380385
3168	0.380118
3169	0.377351
3170	0.374576
3171	0.374681
3172	0.376622
3173	0.378561
3174	0.377632
3175	0.372565
3176	0.369286
3177	0.372088
3178	0.378137
3179	0.383295
3180	0.38569
3181	0.388849
3182	0.393438
3183	0.398857
3184	0.403946
3185	0.407551
3186	0.409943
3187	0.411883
3188	0.413814
3189	0.416959
3190	0.419823
3191	0.419984
3192	0.417289
3193	0.41047
3194	0.403532
3195	0.402571
3196	0.405465
3197	0.408457
3198	0.407172
3199	0.402689
3200	0.401615
3201	0.406545
3202	0.413664
3203	0.419836
3204	0.424386
3205	0.426724
3206	0.430176
3207	0.435234
3208	0.439372
3209	0.443606
3210	0.446173
3211	0.447198
3212	0.447053
3213	0.446531
3214	0.446896
3215	0.448181
3216	0.449244
3217	0.44812
3218	0.441701
3219	0.431179
3220	0.425585
3221	0.427778
3222	0.432942
3223	0.43786
3224	0.439955
3225	0.434244
3226	0.430935
3227	0.43353
3228	0.438969
3229	0.445269
3230	0.451084
3231	0.456391
3232	0.461004
3233	0.464635
3234	0.468166
3235	0.47082
3236	0.473594
3237	0.475941
3238	0.477187
3239	0.476905
3240	0.474842
3241	0.472402
3242	0.471576
3243	0.472125
3244	0.472884
3245	0.472505
3246	0.46757
3247	0.457867
3248	0.452622
3249	0.454675
3250	0.458896
3251	0.464164
3252	0.468594
3253	0.469754
3254	0.467807
3255	0.468033
3256	0.471175
3257	0.475171
3258	0.47908
3259	0.482828
3260	0.485997
3261	0.488715
3262	0.490959
3263	0.492485
3264	0.494013
3265	0.495421
3266	0.496772
3267	0.497831
3268	0.498048
3269	0.496581
3270	0.493593
3271	0.490903
3272	0.490292
3273	0.491501
3274	0.493369
3275	0.494543
3276	0.493033
3277	0.486943
3278	0.481163
3279	0.478918
3280	0.480398
3281	0.484255
3282	0.488484
3283	0.492343
3284	0.496103
3285	0.499296
3286	0.502291
3287	0.50501
3288	0.507179
3289	0.509076
3290	0.510793
3291	0.512347
3292	0.513548
3293	0.514466
3294	0.515092
3295	0.515348
3296	0.515493
3297	0.515964
3298	0.516646
3299	0.517232
3300	0.516703
3301	0.513576
3302	0.509433
3303	0.507672
3304	0.508282
3305	0.509792
3306	0.511526
3307	0.512888
3308	0.512422
3309	0.508278
3310	0.50571
3311	0.506847
3312	0.509034
3313	0.511804
3314	0.514742
3315	0.51735
3316	0.51964
3317	0.521791
3318	0.523537
3319	0.52525
3320	0.526651
3321	0.527968
3322	0.529067
3323	0.530133
3324	0.530981
3325	0.531552
3326	0.531948
3327	0.532081
3328	0.531768
3329	0.531424
3330	0.53147
3331	0.531757
3332	0.532131
3333	0.53214
3334	0.530817
3335	0.527678
3336	0.524702
3337	0.52401
3338	0.525223
3339	0.527167
3340	0.529258
3341	0.531448
3342	0.53337
3343	0.535007
3344	0.536337
3345	0.537366
3346	0.538298
3347	0.539344
3348	0.540453
3349	0.541518
3350	0.542583
3351	0.543467
3352	0.544214
3353	0.544832
3354	0.545379
3355	0.545812
3356	0.546198
3357	0.546701
3358	0.547251
3359	0.547628
3360	0.54786
3361	0.547738
3362	0.547306
3363	0.546471
3364	0.545944
3365	0.546109
3366	0.546724
3367	0.547419
3368	0.547952
3369	0.547688
3370	0.546462
3371	0.544276
3372	0.543285
3373	0.54386
3374	0.545275
3375	0.546829
3376	0.548391
3377	0.549931
3378	0.551198
3379	0.552413
3380	0.553505
3381	0.554607
3382	0.55556
3383	0.556397
3384	0.557192
3385	0.557787
3386	0.558262
3387	0.558883
3388	0.559411
3389	0.559813
3390	0.560183
3391	0.560552
3392	0.560843
3393	0.561025
3394	0.561263
3395	0.561631
3396	0.561998
3397	0.562236
3398	0.562195
3399	0.561462
3400	0.560377
3401	0.559791
3402	0.560193
3403	0.56097
3404	0.561935
3405	0.56285
3406	0.563765
3407	0.564644
3408	0.565453
3409	0.566197
3410	0.566899
3411	0.567556
3412	0.568168
3413	0.568733
3414	0.569253
3415	0.569765
3416	0.570191
3417	0.570573
3418	0.57097
3419	0.571338
3420	0.571748
3421	0.572158
3422	0.572568
3423	0.572977
3424	0.573356
3425	0.573692
3426	0.573984
3427	0.574233
3428	0.57444
3429	0.574696
3430	0.574863
3431	0.575054
3432	0.575348
3433	0.575726
3434	0.576101
3435	0.57638
3436	0.576528
3437	0.576373
3438	0.575692
3439	0.5753
3440	0.575423
3441	0.575979
3442	0.576749
3443	0.577555
3444	0.578361
3445	0.579172
3446	0.579893
3447	0.580528
3448	0.581132
3449	0.581695
3450	0.582197
3451	0.582695
3452	0.583146
3453	0.583597
3454	0.584047
3455	0.584464
3456	0.584863
3457	0.585262
3458	0.585681
3459	0.586181
3460	0.58668
3461	0.587136
3462	0.587585
3463	0.588003
3464	0.588379
3465	0.588739
3466	0.589129
3467	0.589474
3468	0.589819
3469	0.590123
3470	0.590383
3471	0.590549
3472	0.590671
3473	0.590879
3474	0.591171
3475	0.591513
3476	0.591987
3477	0.592483
3478	0.592978
3479	0.593453
3480	0.593885
3481	0.594276
3482	0.594668
3483	0.595059
3484	0.59545
3485	0.595811
3486	0.59615
3487	0.596502
3488	0.596892
3489	0.597282
3490	0.597623
3491	0.598
3492	0.598327
3493	0.598635
3494	0.598957
3495	0.599242
3496	0.599526
3497	0.599908
3498	0.600255
3499	0.60059
3500	0.600924
3501	0.601259
3502	0.601593
3503	0.601926
3504	0.602309
3505	0.602653
3506	0.602986
3507	0.603318
3508	0.60365
3509	0.603977
3510	0.604256
3511	0.604536
3512	0.604697
3513	0.60482
3514	0.604965
3515	0.605152
3516	0.60539
3517	0.605771
3518	0.606245
3519	0.606691
3520	0.607123
3521	0.607534
3522	0.607902
3523	0.608231
3524	0.60861
3525	0.608988
3526	0.609366
3527	0.609717
3528	0.610061
3529	0.610438
3530	0.610816
3531	0.61114
3532	0.611465
3533	0.611822
3534	0.612174
3535	0.612498
3536	0.612821
3537	0.613144
3538	0.613466
3539	0.613789
3540	0.614111
3541	0.614412
3542	0.614692
3543	0.615013
3544	0.615334
3545	0.615654
3546	0.615975
3547	0.616269
3548	0.616552
3549	0.616871
3550	0.61719
3551	0.61746
3552	0.617765
3553	0.618083
3554	0.6184
3555	0.618718
3556	0.619034
3557	0.619298
3558	0.619605
3559	0.619888
3560	0.620175
3561	0.62049
3562	0.620801
3563	0.621063
3564	0.621372
3565	0.621612
3566	0.621848
3567	0.622109
3568	0.622369
3569	0.62263
3570	0.62294
3571	0.623252
3572	0.623533
3573	0.623792
3574	0.624061
3575	0.624372
3576	0.62463
3577	0.62493
3578	0.625207
3579	0.625464
3580	0.625733
3581	0.62604
3582	0.626296
3583	0.626551
3584	0.626841
3585	0.627124
3586	0.627379
3587	0.627633
3588	0.627887
3589	0.628141
3590	0.628394
3591	0.628647
3592	0.628899
3593	0.629152
3594	0.629404
3595	0.629655
3596	0.629943
3597	0.63022
3598	0.630487
3599	0.63079
3600	0.631073
3601	0.631374
3602	0.63166
3603	0.631935
3604	0.632237
3605	0.632538
3606	0.632839
3607	0.633183
3608	0.633503
3609	0.633829
3610	0.634171
3611	0.634512
3612	0.634865
3613	0.635238
3614	0.63559
3615	0.635966
3616	0.636348
3617	0.63671
3618	0.637108
3619	0.637471
3620	0.637856
3621	0.638236
3622	0.638597
3623	0.638998
3624	0.639347
3625	0.639696
3626	0.640077
3627	0.640452
3628	0.640806
3629	0.641153
3630	0.6415
3631	0.641836
3632	0.642173
3633	0.642509
3634	0.642824
3635	0.64317
3636	0.643504
3637	0.643824
3638	0.644143
3639	0.644465
3640	0.644765
3641	0.645056
3642	0.645347
3643	0.645672
3644	0.645974
3645	0.646273
3646	0.646568
3647	0.646863
3648	0.647182
3649	0.647498
3650	0.647796
3651	0.648084
3652	0.648372
3653	0.64871
3654	0.649048
3655	0.649343
3656	0.649631
3657	0.649921
3658	0.650218
3659	0.650513
3660	0.650799
3661	0.651085
3662	0.65137
3663	0.651655
3664	0.65194
3665	0.652225
3666	0.652509
3667	0.652809
3668	0.653112
3669	0.653397
3670	0.65368
3671	0.653963
3672	0.654246
3673	0.654528
3674	0.65481
3675	0.655092
3676	0.655373
3677	0.655655
3678	0.655936
3679	0.656216
3680	0.656497
3681	0.656777
3682	0.657057
3683	0.657336
3684	0.657615
3685	0.657894
3686	0.658173
3687	0.658452
3688	0.65873
3689	0.659008
3690	0.659285
3691	0.659562
3692	0.659839
3693	0.660116
3694	0.660393
3695	0.660669
3696	0.660945
3697	0.66122
3698	0.661496
3699	0.661771
3700	0.662046
3701	0.66232
3702	0.662594
3703	0.662868
3704	0.663142
3705	0.663415
3706	0.663688
3707	0.663961
3708	0.664234
3709	0.664506
3710	0.664778
3711	0.66505
3712	0.665321
3713	0.665593
3714	0.665864
3715	0.666134
3716	0.666405
3717	0.666675
3718	0.666944
3719	0.667214
3720	0.667483
3721	0.667752
3722	0.668021
3723	0.668289
3724	0.668558
3725	0.668826
3726	0.669093
3727	0.669361
3728	0.669628
3729	0.669895
3730	0.670161
3731	0.670427
3732	0.670693
3733	0.670959
3734	0.671226
3735	0.671482
3736	0.671717
3737	0.671982
3738	0.672246
3739	0.672511
3740	0.672774
3741	0.673038
3742	0.673301
3743	0.673564
3744	0.673827
3745	0.67409
3746	0.674352
3747	0.674614
3748	0.674876
3749	0.675129
3750	0.675376
3751	0.675636
3752	0.675897
3753	0.676126
3754	0.676373
3755	0.676632
3756	0.676892
3757	0.677137
3758	0.677396
3759	0.677629
3760	0.67786
3761	0.678118
3762	0.678376
3763	0.678621
3764	0.678852
3765	0.67908
3766	0.679331
3767	0.679567
3768	0.679798
3769	0.680038
3770	0.680269
3771	0.680481
3772	0.680715
3773	0.68094
3774	0.681142
3775	0.681364
3776	0.68161
3777	0.68181
3778	0.682042
3779	0.682253
3780	0.682465
3781	0.682674
3782	0.682872
3783	0.683102
3784	0.683323
3785	0.683534
3786	0.683735
3787	0.683972
3788	0.684189
3789	0.684389
3790	0.684601
3791	0.684845
3792	0.685045
3793	0.685282
3794	0.685531
3795	0.68576
3796	0.685962
3797	0.686209
3798	0.686449
3799	0.686691
3800	0.686942
3801	0.687196
3802	0.687448
3803	0.687725
3804	0.687988
3805	0.688242
3806	0.688503
3807	0.688795
3808	0.689064
3809	0.689326
3810	0.689624
3811	0.689869
3812	0.690155
3813	0.690454
3814	0.690749
3815	0.691035
3816	0.691298
3817	0.691578
3818	0.691876
3819	0.692173
3820	0.692456
3821	0.692722
3822	0.692996
3823	0.693285
3824	0.693566
3825	0.693829
3826	0.694106
3827	0.694381
3828	0.694633
3829	0.694916
3830	0.695173
3831	0.695439
3832	0.695701
3833	0.695962
3834	0.696202
3835	0.696483
3836	0.696743
3837	0.696989
3838	0.697228
3839	0.697466
3840	0.697743
3841	0.697999
3842	0.69824
3843	0.698487
3844	0.698724
3845	0.698961
3846	0.699215
3847	0.699483
3848	0.699718
3849	0.699953
3850	0.700191
3851	0.700433
3852	0.700683
3853	0.700918
3854	0.701153
3855	0.701388
3856	0.701622
3857	0.701856
3858	0.70209
3859	0.702349
3860	0.702596
3861	0.70283
3862	0.703062
3863	0.703294
3864	0.703527
3865	0.703759
3866	0.703991
3867	0.704223
3868	0.704454
3869	0.704685
3870	0.704916
3871	0.705147
3872	0.705377
3873	0.705608
3874	0.705838
3875	0.706067
3876	0.706297
3877	0.706526
3878	0.706755
3879	0.706984
3880	0.707213
3881	0.707441
3882	0.707669
3883	0.707897
3884	0.708125
3885	0.708352
3886	0.708579
3887	0.708806
3888	0.709033
3889	0.70926
3890	0.709486
3891	0.709712
3892	0.709938
3893	0.710163
3894	0.710388
3895	0.710614
3896	0.710838
3897	0.711063
3898	0.711287
3899	0.711512
3900	0.711736
3901	0.711959
3902	0.712183
3903	0.712406
3904	0.71263
3905	0.712858
3906	0.713092
3907	0.713318
3908	0.71353
3909	0.713756
3910	0.713981
3911	0.714197
3912	0.714426
3913	0.714657
3914	0.714878
3915	0.715099
3916	0.715319
3917	0.715539
3918	0.715759
3919	0.715978
3920	0.716198
3921	0.716417
3922	0.716636
3923	0.716854
3924	0.717073
3925	0.717291
3926	0.717509
3927	0.717727
3928	0.717945
3929	0.718162
3930	0.718379
3931	0.718596
3932	0.718813
3933	0.719029
3934	0.719245
3935	0.719461
3936	0.719677
3937	0.719892
3938	0.720108
3939	0.720323
3940	0.720538
3941	0.720752
3942	0.720967
3943	0.721181
3944	0.721395
3945	0.721609
3946	0.721822
3947	0.722036
3948	0.722249
3949	0.722462
3950	0.722674
3951	0.722887
3952	0.723099
3953	0.723311
3954	0.723523
3955	0.723734
3956	0.723946
3957	0.724157
3958	0.724368
3959	0.724579
3960	0.724789
3961	0.724999
3962	0.725207
3963	0.725419
3964	0.725617
3965	0.725822
3966	0.726047
3967	0.726256
3968	0.726451
3969	0.726658
3970	0.726874
3971	0.727043
3972	0.727252
3973	0.727482
3974	0.727662
3975	0.72792
3976	0.728127
3977	0.728334
3978	0.728537
3979	0.728747
3980	0.728939
3981	0.729159
3982	0.729349
3983	0.729559
3984	0.729743
3985	0.729981
3986	0.730186
3987	0.730382
3988	0.730586
3989	0.730776
3990	0.730996
3991	0.731204
3992	0.731383
3993	0.731614
3994	0.731817
3995	0.732003
3996	0.732192
3997	0.732418
3998	0.732611
3999	0.732798
4000	0.732996
4001	0.733201
4002	0.733419
4003	0.733639
4004	0.733852
4005	0.734064
4006	0.734267
4007	0.734483
4008	0.7347
4009	0.734912
4010	0.735123
4011	0.735333
4012	0.735551
4013	0.73578
4014	0.735987
4015	0.736178
4016	0.736387
4017	0.736598
4018	0.736807
4019	0.737017
4020	0.737226
4021	0.737435
4022	0.737644
4023	0.737853
4024	0.738062
4025	0.73827
4026	0.738478
4027	0.738686
4028	0.738894
4029	0.739101
4030	0.739309
4031	0.739516
4032	0.739723
4033	0.739929
4034	0.740136
4035	0.740342
4036	0.740548
4037	0.740754
4038	0.74096
4039	0.741165
4040	0.741371
4041	0.741576
4042	0.741781
4043	0.741985
4044	0.74219
4045	0.742394
4046	0.742598
4047	0.742802
4048	0.743006
4049	0.743209
4050	0.743412
4051	0.743616
4052	0.743818
4053	0.744021
4054	0.744223
4055	0.744425
4056	0.744627
4057	0.744828
4058	0.745029
4059	0.74523
4060	0.745415
4061	0.745594
4062	0.745795
4063	0.745996
4064	0.746196
4065	0.746427
4066	0.746637
4067	0.746855
4068	0.74706
4069	0.74726
4070	0.747458
4071	0.747655
4072	0.747853
4073	0.74805
4074	0.748247
4075	0.748444
4076	0.748641
4077	0.748838
4078	0.749034
4079	0.74923
4080	0.749427
4081	0.749623
4082	0.749819
4083	0.750014
4084	0.75021
4085	0.750405
4086	0.750601
4087	0.750796
4088	0.75099
4089	0.751185
4090	0.75138
4091	0.751572
4092	0.751732
4093	0.751927
4094	0.752121
4095	0.752316
4096	0.75251
4097	0.752704
4098	0.752898
4099	0.753092
4100	0.753286
4101	0.753479
4102	0.753672
4103	0.753865
4104	0.754058
4105	0.754251
4106	0.754443
4107	0.754635
4108	0.754827
4109	0.755019
4110	0.755211
4111	0.755402
4112	0.755594
4113	0.755785
4114	0.755976
4115	0.756167
4116	0.756357
4117	0.756548
4118	0.756738
4119	0.756928
4120	0.757118
4121	0.757307
4122	0.757497
4123	0.757686
4124	0.757875
4125	0.758064
4126	0.758253
4127	0.758441
4128	0.75863
4129	0.758818
4130	0.759006
4131	0.759193
4132	0.759381
4133	0.759569
4134	0.759756
4135	0.759943
4136	0.76013
4137	0.760316
4138	0.760503
4139	0.760689
4140	0.760875
4141	0.761061
4142	0.761247
4143	0.76143
4144	0.761612
4145	0.761802
4146	0.761989
4147	0.762173
4148	0.762358
4149	0.762543
4150	0.762727
4151	0.762903
4152	0.76308
4153	0.763263
4154	0.763445
4155	0.763628
4156	0.763809
4157	0.763991
4158	0.764173
4159	0.764354
4160	0.764535
4161	0.764717
4162	0.764898
4163	0.765078
4164	0.765259
4165	0.76544
4166	0.765618
4167	0.7658
4168	0.765977
4169	0.76616
4170	0.76634
4171	0.766521
4172	0.7667
4173	0.766878
4174	0.767037
4175	0.767201
4176	0.767381
4177	0.76756
4178	0.76774
4179	0.767919
4180	0.768098
4181	0.768277
4182	0.768455
4183	0.768634
4184	0.768812
4185	0.76899
4186	0.769168
4187	0.769346
4188	0.769524
4189	0.769701
4190	0.769878
4191	0.770055
4192	0.770232
4193	0.770409
4194	0.770586
4195	0.770762
4196	0.770938
4197	0.771114
4198	0.77129
4199	0.771466
4200	0.771642
4201	0.771817
4202	0.771992
4203	0.772167
4204	0.772342
4205	0.772517
4206	0.772691
4207	0.772866
4208	0.77304
4209	0.773214
4210	0.773388
4211	0.773562
4212	0.773735
4213	0.773909
4214	0.774082
4215	0.774255
4216	0.774428
4217	0.7746
4218	0.774773
4219	0.774945
4220	0.775117
4221	0.775289
4222	0.775461
4223	0.775633
4224	0.775804
4225	0.775973
4226	0.776141
4227	0.776309
4228	0.776478
4229	0.776645
4230	0.776812
4231	0.776979
4232	0.777145
4233	0.777312
4234	0.777478
4235	0.777644
4236	0.777772
4237	0.777941
4238	0.77811
4239	0.778279
4240	0.778448
4241	0.778617
4242	0.778785
4243	0.778954
4244	0.779122
4245	0.77929
4246	0.779458
4247	0.779623
4248	0.779787
4249	0.779951
4250	0.780116
4251	0.780281
4252	0.780445
4253	0.78061
4254	0.780774
4255	0.780938
4256	0.781102
4257	0.781266
4258	0.78143
4259	0.781594
4260	0.78176
4261	0.781925
4262	0.782091
4263	0.782256
4264	0.782421
4265	0.782586
4266	0.782751
4267	0.782915
4268	0.78308
4269	0.783244
4270	0.78341
4271	0.783575
4272	0.78374
4273	0.783905
4274	0.784067
4275	0.784235
4276	0.784399
4277	0.784564
4278	0.784728
4279	0.784892
4280	0.785056
4281	0.785219
4282	0.785382
4283	0.785546
4284	0.785708
4285	0.785871
4286	0.786034
4287	0.786196
4288	0.786358
4289	0.78652
4290	0.786681
4291	0.786842
4292	0.787003
4293	0.787163
4294	0.787324
4295	0.787484
4296	0.787644
4297	0.787804
4298	0.787963
4299	0.788123
4300	0.78828
4301	0.788438
4302	0.788595
4303	0.788753
4304	0.78891
4305	0.789067
4306	0.789224
4307	0.78938
4308	0.789537
4309	0.789692
4310	0.789847
4311	0.79
4312	0.790153
4313	0.790306
4314	0.790438
4315	0.790578
4316	0.790735
4317	0.790892
4318	0.791048
4319	0.791205
4320	0.791347
4321	0.791495
4322	0.791648
4323	0.791801
4324	0.791953
4325	0.792105
4326	0.792257
4327	0.792386
4328	0.792526
4329	0.792681
4330	0.792836
4331	0.792991
4332	0.793145
4333	0.793299
4334	0.793454
4335	0.793608
4336	0.793761
4337	0.793915
4338	0.794069
4339	0.794222
4340	0.794375
4341	0.794529
4342	0.794681
4343	0.794834
4344	0.794987
4345	0.79514
4346	0.795292
4347	0.795444
4348	0.795596
4349	0.795748
4350	0.7959
4351	0.796052
4352	0.796203
4353	0.796355
4354	0.796506
4355	0.796657
4356	0.796808
4357	0.796959
4358	0.797109
4359	0.79726
4360	0.79741
4361	0.79756
4362	0.79771
4363	0.79786
4364	0.79801
4365	0.79816
4366	0.798309
4367	0.798458
4368	0.798608
4369	0.798757
4370	0.798904
4371	0.799048
4372	0.799192
4373	0.799336
4374	0.79948
4375	0.799624
4376	0.799768
4377	0.799911
4378	0.800054
4379	0.800187
4380	0.800307
4381	0.800454
4382	0.800601
4383	0.800748
4384	0.800895
4385	0.801037
4386	0.801176
4387	0.801316
4388	0.801455
4389	0.801587
4390	0.801694
4391	0.80184
4392	0.801985
4393	0.802131
4394	0.802276
4395	0.802408
4396	0.802533
4397	0.802635
4398	0.802777
4399	0.802916
4400	0.803053
4401	0.80319
4402	0.803328
4403	0.803464
4404	0.803584
4405	0.803707
4406	0.803851
4407	0.803994
4408	0.804132
4409	0.804273
4410	0.804406
4411	0.804546
4412	0.804665
4413	0.804783
4414	0.80494
4415	0.805016
4416	0.80513
4417	0.805324
4418	0.805399
4419	0.805606
4420	0.805743
4421	0.805844
4422	0.805947
4423	0.806115
4424	0.806239
4425	0.806181
4426	0.806124
4427	0.806572
4428	0.806697
4429	0.8068
4430	0.806769
4431	0.807164
4432	0.807355
4433	0.807462
4434	0.807612
4435	0.807751
4436	0.807899
4437	0.807954
4438	0.808123
4439	0.808277
4440	0.80836
4441	0.808556
4442	0.808579
4443	0.808754
4444	0.808969
4445	0.809107
4446	0.809247
4447	0.809171
4448	0.80945
4449	0.80962
4450	0.809726
4451	0.809915
4452	0.809867
4453	0.810213
4454	0.810333
4455	0.810303
4456	0.810595
4457	0.810709
4458	0.81066
4459	0.811002
4460	0.811135
4461	0.811268
4462	0.811374
4463	0.811452
4464	0.811591
4465	0.811825
4466	0.811963
4467	0.81208
4468	0.812237
4469	0.81233
4470	0.812444
4471	0.812632
4472	0.812748
4473	0.812905
4474	0.813053
4475	0.813188
4476	0.813339
4477	0.813433
4478	0.813608
4479	0.813742
4480	0.813876
4481	0.81401
4482	0.814144
4483	0.814278
4484	0.814411
4485	0.814544
4486	0.814678
4487	0.814811
4488	0.814979
4489	0.815116
4490	0.815252
4491	0.815384
4492	0.815514
4493	0.815656
4494	0.815783
4495	0.815871
4496	0.816003
4497	0.816135
4498	0.816267
4499	0.816398
4500	0.81653
4501	0.816661
4502	0.816792
4503	0.816923
4504	0.817063
4505	0.817231
4506	0.817363
4507	0.817487
4508	0.817596
4509	0.817707
4510	0.817838
4511	0.817968
4512	0.818098
4513	0.818228
4514	0.818357
4515	0.818522
4516	0.818671
4517	0.818797
4518	0.818923
4519	0.819052
4520	0.819181
4521	0.819311
4522	0.81944
4523	0.819569
4524	0.819699
4525	0.819828
4526	0.819957
4527	0.820086
4528	0.820215
4529	0.820343
4530	0.820471
4531	0.820595
4532	0.820726
4533	0.820853
4534	0.82098
4535	0.821107
4536	0.821234
4537	0.821361
4538	0.821488
4539	0.821613
4540	0.821736
4541	0.821859
4542	0.821982
4543	0.822069
4544	0.822193
4545	0.822319
4546	0.822445
4547	0.822571
4548	0.822697
4549	0.822822
4550	0.822947
4551	0.823066
4552	0.823183
4553	0.823298
4554	0.823414
4555	0.823499
4556	0.823615
4557	0.82374
4558	0.823864
4559	0.823988
4560	0.824098
4561	0.824207
4562	0.824315
4563	0.824402
4564	0.824526
4565	0.824641
4566	0.82475
4567	0.824832
4568	0.824937
4569	0.82506
4570	0.825176
4571	0.825281
4572	0.825397
4573	0.825492
4574	0.825592
4575	0.825703
4576	0.825779
4577	0.825876
4578	0.825998
4579	0.826112
4580	0.826215
4581	0.826283
4582	0.826402
4583	0.826523
4584	0.826625
4585	0.826718
4586	0.826805
4587	0.826926
4588	0.827034
4589	0.827136
4590	0.827218
4591	0.827326
4592	0.827441
4593	0.827542
4594	0.827644
4595	0.827725
4596	0.827845
4597	0.827948
4598	0.828048
4599	0.828143
4600	0.828241
4601	0.82836
4602	0.828468
4603	0.828573
4604	0.828678
4605	0.828783
4606	0.828872
4607	0.828991
4608	0.829099
4609	0.829207
4610	0.829318
4611	0.82943
4612	0.829543
4613	0.829631
4614	0.829736
4615	0.829854
4616	0.829972
4617	0.83009
4618	0.830207
4619	0.830325
4620	0.83044
4621	0.830541
4622	0.830645
4623	0.83076
4624	0.83088
4625	0.830997
4626	0.831115
4627	0.831233
4628	0.83135
4629	0.831471
4630	0.831596
4631	0.831722
4632	0.831841
4633	0.831957
4634	0.832073
4635	0.832199
4636	0.832355
4637	0.832477
4638	0.832585
4639	0.832694
4640	0.832817
4641	0.832946
4642	0.833073
4643	0.833194
4644	0.833309
4645	0.833423
4646	0.833558
4647	0.833704
4648	0.83383
4649	0.833956
4650	0.834072
4651	0.834175
4652	0.834278
4653	0.834394
4654	0.834516
4655	0.834635
4656	0.834755
4657	0.834874
4658	0.834987
4659	0.8351
4660	0.835189
4661	0.83525
4662	0.835356
4663	0.835469
4664	0.835581
4665	0.835694
4666	0.835799
4667	0.835891
4668	0.835993
4669	0.836059
4670	0.836171
4671	0.836283
4672	0.836377
4673	0.83645
4674	0.836534
4675	0.836646
4676	0.836753
4677	0.836841
4678	0.836909
4679	0.837006
4680	0.837097
4681	0.837182
4682	0.837296
4683	0.837366
4684	0.83747
4685	0.837556
4686	0.837596
4687	0.837723
4688	0.837808
4689	0.837869
4690	0.837969
4691	0.838038
4692	0.838121
4693	0.838214
4694	0.838314
4695	0.838298
4696	0.838365
4697	0.838496
4698	0.838654
4699	0.838708
4700	0.838724
4701	0.83887
4702	0.83893
4703	0.839039
4704	0.839112
4705	0.839184
4706	0.839263
4707	0.839349
4708	0.839397
4709	0.839477
4710	0.839556
4711	0.839597
4712	0.839717
4713	0.839795
4714	0.839892
4715	0.839969
4716	0.840023
4717	0.840076
4718	0.840162
4719	0.840262
4720	0.840314
4721	0.840398
4722	0.840473
4723	0.840555
4724	0.840616
4725	0.840669
4726	0.840761
4727	0.840812
4728	0.840911
4729	0.840957
4730	0.841065
4731	0.841134
4732	0.84115
4733	0.841229
4734	0.841308
4735	0.841359
4736	0.841411
4737	0.841462
4738	0.841514
4739	0.841565
4740	0.841616
4741	0.841667
4742	0.841712
4743	0.841725
4744	0.841746
4745	0.841786
4746	0.841805
4747	0.841816
4748	0.841819
4749	0.841815
4750	0.841812
4751	0.841809
4752	0.841805
4753	0.841795
4754	0.841786
4755	0.841793
4756	0.841791
4757	0.84178
4758	0.841722
4759	0.841693
4760	0.841662
4761	0.841634
4762	0.841616
4763	0.841664
4764	0.841671
4765	0.841677
4766	0.841725
4767	0.841761
4768	0.841801
4769	0.841853
4770	0.84191
4771	0.841967
4772	0.842047
4773	0.842155
4774	0.842262
4775	0.842363
4776	0.842464
4777	0.842565
4778	0.842666
4779	0.842767
4780	0.842915
4781	0.843069
4782	0.843212
4783	0.843358
4784	0.843502
4785	0.843624
4786	0.843752
4787	0.843905
4788	0.844058
4789	0.844211
4790	0.844364
4791	0.844518
4792	0.844671
4793	0.844816
4794	0.844948
4795	0.845047
4796	0.845196
4797	0.845348
4798	0.845501
4799	0.845653
4800	0.845805
4801	0.845957
4802	0.846109
4803	0.846261
4804	0.846412
4805	0.846541
4806	0.846646
4807	0.846783
4808	0.846935
4809	0.847086
4810	0.847237
4811	0.847388
4812	0.84752
4813	0.847646
4814	0.847769
4815	0.84789
4816	0.848016
4817	0.848149
4818	0.848274
4819	0.848416
4820	0.848556
4821	0.848695
4822	0.848806
4823	0.84894
4824	0.84908
4825	0.849182
4826	0.849304
4827	0.849444
4828	0.849558
4829	0.849668
4830	0.849817
4831	0.849954
4832	0.850087
4833	0.85021
4834	0.850329
4835	0.850478
4836	0.850627
4837	0.850765
4838	0.850861
4839	0.850988
4840	0.851124
4841	0.851233
4842	0.851348
4843	0.851496
4844	0.851626
4845	0.851768
4846	0.851869
4847	0.852003
4848	0.852106
4849	0.852241
4850	0.852327
4851	0.852465
4852	0.852551
4853	0.852686
4854	0.852808
4855	0.852896
4856	0.853033
4857	0.853107
4858	0.853262
4859	0.853366
4860	0.853491
4861	0.853608
4862	0.853721
4863	0.853822
4864	0.853918
4865	0.854001
4866	0.854105
4867	0.854201
4868	0.854294
4869	0.854372
4870	0.854462
4871	0.854574
4872	0.854667
4873	0.854791
4874	0.85487
4875	0.854974
4876	0.855081
4877	0.855171
4878	0.855189
4879	0.855315
4880	0.855405
4881	0.855499
4882	0.855571
4883	0.855651
4884	0.855679
4885	0.855789
4886	0.855873
4887	0.855923
4888	0.856035
4889	0.856094
4890	0.856119
4891	0.856236
4892	0.856296
4893	0.856358
4894	0.856431
4895	0.856502
4896	0.856583
4897	0.856655
4898	0.856732
4899	0.856799
4900	0.856884
4901	0.85696
4902	0.857022
4903	0.857093
4904	0.857165
4905	0.857256
4906	0.857344
4907	0.85742
4908	0.857499
4909	0.857576
4910	0.857619
4911	0.857709
4912	0.857798
4913	0.857888
4914	0.857977
4915	0.858064
4916	0.858144
4917	0.858224
4918	0.858304
4919	0.858383
4920	0.858472
4921	0.858533
4922	0.858603
4923	0.858692
4924	0.858781
4925	0.858869
4926	0.858958
4927	0.859046
4928	0.859119
4929	0.859195
4930	0.859269
4931	0.859323
4932	0.8594
4933	0.859488
4934	0.859576
4935	0.859659
4936	0.859736
4937	0.859815
4938	0.859893
4939	0.85995
4940	0.860015
4941	0.860102
4942	0.86019
4943	0.860276
4944	0.860352
4945	0.860427
4946	0.860502
4947	0.860573
4948	0.860625
4949	0.860711
4950	0.860791
4951	0.860856
4952	0.860917
4953	0.86097
4954	0.861051
4955	0.861104
4956	0.861142
4957	0.861228
4958	0.861306
4959	0.861366
4960	0.861421
4961	0.861476
4962	0.861512
4963	0.86157
4964	0.86164
4965	0.861693
4966	0.861739
4967	0.861808
4968	0.861872
4969	0.861916
4970	0.861987
4971	0.862038
4972	0.862087
4973	0.862132
4974	0.862165
4975	0.862197
4976	0.862241
4977	0.862315
4978	0.86236
4979	0.862401
4980	0.862437
4981	0.862471
4982	0.862508
4983	0.862539
4984	0.862571
4985	0.862602
4986	0.862634
4987	0.862665
4988	0.862696
4989	0.862728
4990	0.862759
4991	0.862779
4992	0.862821
4993	0.862849
4994	0.862881
4995	0.862905
4996	0.862926
4997	0.862962
4998	0.862971
4999	0.863014
5000	0.863015
5001	0.863056
5002	0.863052
5003	0.86307
5004	0.8631
5005	0.863131
5006	0.863161
5007	0.86318
5008	0.863218
5009	0.86318
5010	0.863247
5011	0.863294
5012	0.863281
5013	0.863262
5014	0.863287
5015	0.863342
5016	0.863344
5017	0.86326
5018	0.863413
5019	0.863181
5020	0.863338
5021	0.863506
5022	0.863541
5023	0.863572
5024	0.863454
5025	0.863513
5026	0.863312
5027	0.863686
5028	0.863555
5029	0.862733
5030	0.86372
5031	0.863621
5032	0.863887
5033	0.86361
5034	0.863175
5035	0.862381
5036	0.862941
5037	0.863021
5038	0.862519
5039	0.863678
5040	0.863508
5041	0.863681
5042	0.863208
5043	0.862826
5044	0.863535
5045	0.864455
5046	0.864439
5047	0.864441
5048	0.864314
5049	0.864577
5050	0.864561
5051	0.864841
5052	0.864519
5053	0.864949
5054	0.86477
5055	0.865126
5056	0.864317
5057	0.865071
5058	0.863788
5059	0.865326
5060	0.86481
5061	0.865286
5062	0.865629
5063	0.8658
5064	0.865894
5065	0.86596
5066	0.864835
5067	0.86499
5068	0.866004
5069	0.865789
5070	0.866068
5071	0.866345
5072	0.866547
5073	0.865534
5074	0.866625
5075	0.866855
5076	0.865724
5077	0.866562
5078	0.866952
5079	0.866255
5080	0.866831
5081	0.867381
5082	0.867444
5083	0.867526
5084	0.867033
5085	0.86771
5086	0.867405
5087	0.867411
5088	0.868062
5089	0.868174
5090	0.868239
5091	0.868359
5092	0.868092
5093	0.868243
5094	0.868026
5095	0.868715
5096	0.868472
5097	0.868828
5098	0.868967
5099	0.869036
5100	0.869045
5101	0.869135
5102	0.86893
5103	0.869285
5104	0.869383
5105	0.869504
5106	0.869619
5107	0.869607
5108	0.869742
5109	0.869853
5110	0.869757
5111	0.869777
5112	0.870013
5113	0.870095
5114	0.870145
5115	0.870185
5116	0.870285
5117	0.870294
5118	0.870417
5119	0.870443
5120	0.870463
5121	0.870577
5122	0.870628
5123	0.870651
5124	0.870712
5125	0.870786
5126	0.87084
5127	0.870905
5128	0.870971
5129	0.870993
5130	0.871063
5131	0.871132
5132	0.871181
5133	0.871222
5134	0.871279
5135	0.871338
5136	0.871388
5137	0.871431
5138	0.871477
5139	0.871538
5140	0.871583
5141	0.871607
5142	0.87168
5143	0.871742
5144	0.871798
5145	0.87185
5146	0.871889
5147	0.87191
5148	0.87194
5149	0.872012
5150	0.872061
5151	0.872082
5152	0.872141
5153	0.872213
5154	0.872273
5155	0.872327
5156	0.872362
5157	0.872412
5158	0.872479
5159	0.87253
5160	0.872585
5161	0.872638
5162	0.872682
5163	0.872739
5164	0.872789
5165	0.872809
5166	0.87288
5167	0.872947
5168	0.872997
5169	0.873048
5170	0.873086
5171	0.873147
5172	0.873207
5173	0.873263
5174	0.873316
5175	0.87336
5176	0.873413
5177	0.873473
5178	0.873507
5179	0.873536
5180	0.873606
5181	0.873653
5182	0.873672
5183	0.873729
5184	0.873788
5185	0.873842
5186	0.873894
5187	0.873944
5188	0.873991
5189	0.874045
5190	0.874089
5191	0.874112
5192	0.874181
5193	0.874231
5194	0.874251
5195	0.874301
5196	0.874369
5197	0.874416
5198	0.874464
5199	0.874508
5200	0.874538
5201	0.874556
5202	0.874609
5203	0.874651
5204	0.874683
5205	0.874705
5206	0.874723
5207	0.874748
5208	0.874769
5209	0.874816
5210	0.874852
5211	0.874884
5212	0.874915
5213	0.874939
5214	0.874958
5215	0.874978
5216	0.874997
5217	0.875014
5218	0.875031
5219	0.875065
5220	0.875119
5221	0.875134
5222	0.875106
5223	0.875116
5224	0.875132
5225	0.875149
5226	0.875166
5227	0.875182
5228	0.875199
5229	0.875216
5230	0.875232
5231	0.875248
5232	0.87525
5233	0.875257
5234	0.87524
5235	0.875264
5236	0.875286
5237	0.875281
5238	0.875273
5239	0.875281
5240	0.875184
5241	0.875245
5242	0.875263
5243	0.875228
5244	0.87527
5245	0.875221
5246	0.875267
5247	0.875242
5248	0.875251
5249	0.875267
5250	0.875206
5251	0.875289
5252	0.875259
5253	0.87524
5254	0.875288
5255	0.875285
5256	0.875284
5257	0.875299
5258	0.875311
5259	0.87531
5260	0.875284
5261	0.875269
5262	0.875283
5263	0.875295
5264	0.87527
5265	0.87527
5266	0.875202
5267	0.875209
5268	0.875262
5269	0.875208
5270	0.875208
5271	0.875208
5272	0.875245
5273	0.875262
5274	0.875249
5275	0.875254
5276	0.875236
5277	0.875213
5278	0.875239
5279	0.875253
5280	0.875246
5281	0.87523
5282	0.87521
5283	0.875224
5284	0.87523
5285	0.875227
5286	0.875254
5287	0.875254
5288	0.875192
5289	0.875277
5290	0.875276
5291	0.875229
5292	0.875265
5293	0.875267
5294	0.87528
5295	0.875293
5296	0.875306
5297	0.875319
5298	0.8753
5299	0.87534
5300	0.875356
5301	0.875369
5302	0.875382
5303	0.875372
5304	0.875407
5305	0.875404
5306	0.875428
5307	0.875444
5308	0.875456
5309	0.875509
5310	0.875535
5311	0.875556
5312	0.875571
5313	0.87558
5314	0.875618
5315	0.87563
5316	0.875682
5317	0.87571
5318	0.875737
5319	0.875779
5320	0.875834
5321	0.875876
5322	0.87589
5323	0.875937
5324	0.875994
5325	0.876041
5326	0.876079
5327	0.876123
5328	0.876157
5329	0.876212
5330	0.876262
5331	0.876319
5332	0.876372
5333	0.876434
5334	0.876495
5335	0.876558
5336	0.876624
5337	0.876686
5338	0.876751
5339	0.876822
5340	0.876892
5341	0.876953
5342	0.87701
5343	0.877072
5344	0.87715
5345	0.877238
5346	0.877321
5347	0.877397
5348	0.877468
5349	0.87753
5350	0.877623
5351	0.877706
5352	0.877785
5353	0.87786
5354	0.877921
5355	0.878015
5356	0.878096
5357	0.878174
5358	0.87825
5359	0.878311
5360	0.878371
5361	0.878431
5362	0.878491
5363	0.878551
5364	0.878643
5365	0.878726
5366	0.878798
5367	0.878866
5368	0.878928
5369	0.878986
5370	0.879022
5371	0.879118
5372	0.879177
5373	0.879233
5374	0.87928
5375	0.879329
5376	0.879395
5377	0.879452
5378	0.87952
5379	0.879568
5380	0.879588
5381	0.879628
5382	0.879679
5383	0.879694
5384	0.879761
5385	0.879831
5386	0.879806
5387	0.879933
5388	0.879928
5389	0.880001
5390	0.879955
5391	0.880053
5392	0.880087
5393	0.880091
5394	0.880176
5395	0.880198
5396	0.880189
5397	0.880242
5398	0.880193
5399	0.880304
5400	0.880346
5401	0.880427
5402	0.8802
5403	0.880369
5404	0.880531
5405	0.880445
5406	0.88051
5407	0.880203
5408	0.880194
5409	0.880319
5410	0.880128
5411	0.880666
5412	0.880379
5413	0.880297
5414	0.879996
5415	0.880746
5416	0.880673
5417	0.880643
5418	0.880593
5419	0.880493
5420	0.880712
5421	0.880427
5422	0.880947
5423	0.880419
5424	0.880895
5425	0.880954
5426	0.881004
5427	0.880947
5428	0.881065
5429	0.880891
5430	0.880968
5431	0.881118
5432	0.881007
5433	0.881203
5434	0.880912
5435	0.880807
5436	0.880507
5437	0.880845
5438	0.881266
5439	0.881121
5440	0.881324
5441	0.881263
5442	0.88107
5443	0.881309
5444	0.88134
5445	0.881477
5446	0.881405
5447	0.881444
5448	0.881135
5449	0.881144
5450	0.881547
5451	0.881574
5452	0.88157
5453	0.881687
5454	0.881772
5455	0.881581
5456	0.88111
5457	0.881607
5458	0.881759
5459	0.881338
5460	0.88184
5461	0.881906
5462	0.881254
5463	0.881685
5464	0.881985
5465	0.881817
5466	0.882099
5467	0.88193
5468	0.882044
5469	0.882222
5470	0.881829
5471	0.882317
5472	0.882345
5473	0.882225
5474	0.882392
5475	0.88244
5476	0.882483
5477	0.882311
5478	0.882221
5479	0.88252
5480	0.882576
5481	0.882626
5482	0.882621
5483	0.882755
5484	0.882717
5485	0.882801
5486	0.882853
5487	0.882739
5488	0.88294
5489	0.882978
5490	0.882968
5491	0.883001
5492	0.883064
5493	0.883084
5494	0.88309
5495	0.883088
5496	0.883187
5497	0.883167
5498	0.883308
5499	0.883248
5500	0.883345
5501	0.883349
5502	0.883381
5503	0.883457
5504	0.883467
5505	0.883541
5506	0.883569
5507	0.883573
5508	0.883577
5509	0.883583
5510	0.883616
5511	0.883658
5512	0.883737
5513	0.883773
5514	0.883766
5515	0.883833
5516	0.883803
5517	0.88388
5518	0.883915
5519	0.883951
5520	0.88398
5521	0.883984
5522	0.884034
5523	0.884047
5524	0.884084
5525	0.884085
5526	0.884151
5527	0.884174
5528	0.884186
5529	0.884189
5530	0.884192
5531	0.884232
5532	0.884261
5533	0.884281
5534	0.884297
5535	0.884327
5536	0.884356
5537	0.884379
5538	0.884395
5539	0.884398
5540	0.884426
5541	0.884465
5542	0.884485
5543	0.884498
5544	0.8845
5545	0.884503
5546	0.884505
5547	0.884514
5548	0.884559
5549	0.884569
5550	0.884582
5551	0.884596
5552	0.884609
5553	0.884611
5554	0.884613
5555	0.884615
5556	0.884616
5557	0.884662
5558	0.884673
5559	0.884662
5560	0.884624
5561	0.884625
5562	0.884643
5563	0.88468
5564	0.884688
5565	0.884695
5566	0.8847
5567	0.884698
5568	0.884688
5569	0.884643
5570	0.88464
5571	0.884641
5572	0.884642
5573	0.884643
5574	0.884645
5575	0.884646
5576	0.884647
5577	0.884648
5578	0.884647
5579	0.884634
5580	0.884625
5581	0.884616
5582	0.884568
5583	0.884564
5584	0.884564
5585	0.884544
5586	0.884526
5587	0.884507
5588	0.884477
5589	0.884475
5590	0.884467
5591	0.884452
5592	0.884439
5593	0.884402
5594	0.884387
5595	0.884381
5596	0.884374
5597	0.884353
5598	0.884317
5599	0.8843
5600	0.884285
5601	0.884266
5602	0.884239
5603	0.88421
5604	0.88421
5605	0.884195
5606	0.884169
5607	0.884156
5608	0.884118
5609	0.884081
5610	0.884032
5611	0.884028
5612	0.884028
5613	0.884012
5614	0.883987
5615	0.883959
5616	0.883921
5617	0.883872
5618	0.883845
5619	0.883844
5620	0.883836
5621	0.883815
5622	0.883793
5623	0.88376
5624	0.883743
5625	0.883711
5626	0.883702
5627	0.883658
5628	0.883642
5629	0.883619
5630	0.883597
5631	0.883563
5632	0.883559
5633	0.883539
5634	0.883528
5635	0.883521
5636	0.883482
5637	0.883461
5638	0.883431
5639	0.883398
5640	0.883375
5641	0.883353
5642	0.883336
5643	0.883317
5644	0.883276
5645	0.883275
5646	0.883273
5647	0.88325
5648	0.883217
5649	0.883157
5650	0.883176
5651	0.883156
5652	0.883141
5653	0.883092
5654	0.883075
5655	0.883032
5656	0.883028
5657	0.882983
5658	0.88298
5659	0.882974
5660	0.88295
5661	0.882899
5662	0.882882
5663	0.882842
5664	0.88283
5665	0.882821
5666	0.88272
5667	0.882704
5668	0.882703
5669	0.882653
5670	0.882571
5671	0.882586
5672	0.882529
5673	0.882542
5674	0.88222
5675	0.882431
5676	0.882463
5677	0.882135
5678	0.882379
5679	0.882328
5680	0.88199
5681	0.882092
5682	0.881533
5683	0.881983
5684	0.88089
5685	0.881431
5686	0.881769
5687	0.880763
5688	0.881224
5689	0.881504
5690	0.879638
5691	0.881645
5692	0.880487
5693	0.881017
5694	0.88118
5695	0.881633
5696	0.881113
5697	0.881194
5698	0.880287
5699	0.879769
5700	0.881223
5701	0.880078
5702	0.881232
5703	0.880877
5704	0.880959
5705	0.881139
5706	0.881097
5707	0.880761
5708	0.880991
5709	0.880976
5710	0.880924
5711	0.880358
5712	0.880732
5713	0.880697
5714	0.880211
5715	0.880666
5716	0.880609
5717	0.880083
5718	0.880058
5719	0.880006
5720	0.879121
5721	0.880115
5722	0.879354
5723	0.880304
5724	0.879811
5725	0.880311
5726	0.880275
5727	0.879243
5728	0.879984
5729	0.879736
5730	0.878874
5731	0.880109
5732	0.880101
5733	0.879664
5734	0.879935
5735	0.880009
5736	0.879657
5737	0.879837
5738	0.878592
5739	0.879795
5740	0.879946
5741	0.879949
5742	0.879233
5743	0.879854
5744	0.879737
5745	0.879127
5746	0.878782
5747	0.879871
5748	0.879718
5749	0.880003
5750	0.879979
5751	0.879994
5752	0.879819
5753	0.879637
5754	0.879447
5755	0.87994
5756	0.880001
5757	0.880017
5758	0.880063
5759	0.879864
5760	0.880166
5761	0.880257
5762	0.88004
5763	0.879808
5764	0.880429
5765	0.880472
5766	0.880429
5767	0.880271
5768	0.880635
5769	0.880486
5770	0.880588
5771	0.880598
5772	0.880672
5773	0.880322
5774	0.881
5775	0.881079
5776	0.880877
5777	0.881252
5778	0.881342
5779	0.881433
5780	0.881468
5781	0.881652
5782	0.881602
5783	0.881741
5784	0.882027
5785	0.882148
5786	0.882247
5787	0.882324
5788	0.88255
5789	0.882621
5790	0.882822
5791	0.883009
5792	0.883191
5793	0.883331
5794	0.883502
5795	0.883774
5796	0.883937
5797	0.884181
5798	0.884256
5799	0.884536
5800	0.884759
5801	0.884951
5802	0.885212
5803	0.885391
5804	0.88551
5805	0.885669
5806	0.885855
5807	0.886138
5808	0.886325
5809	0.886552
5810	0.886713
5811	0.886891
5812	0.887056
5813	0.887221
5814	0.887336
5815	0.88753
5816	0.887699
5817	0.887847
5818	0.888001
5819	0.888236
5820	0.888392
5821	0.888502
5822	0.888605
5823	0.888725
5824	0.888953
5825	0.889088
5826	0.889224
5827	0.88936
5828	0.88929
5829	0.889615
5830	0.889683
5831	0.889805
5832	0.889941
5833	0.890072
5834	0.890056
5835	0.890336
5836	0.890412
5837	0.890537
5838	0.890661
5839	0.890585
5840	0.890869
5841	0.890899
5842	0.891046
5843	0.891099
5844	0.891243
5845	0.891234
5846	0.891367
5847	0.891581
5848	0.891623
5849	0.891664
5850	0.891816
5851	0.891401
5852	0.892028
5853	0.892114
5854	0.892192
5855	0.891942
5856	0.892349
5857	0.892425
5858	0.892463
5859	0.892468
5860	0.891911
5861	0.892668
5862	0.892254
5863	0.892715
5864	0.892787
5865	0.892797
5866	0.892182
5867	0.893098
5868	0.892802
5869	0.892903
5870	0.892992
5871	0.891851
5872	0.893144
5873	0.893313
5874	0.892928
5875	0.89273
5876	0.890521
5877	0.893147
5878	0.893564
5879	0.893132
5880	0.891096
5881	0.89066
5882	0.890941
5883	0.89128
5884	0.88955
5885	0.893832
5886	0.886165
5887	0.888681
5888	0.890145
5889	0.891807
5890	0.885661
5891	0.892006
5892	0.885141
5893	0.890764
5894	0.89219
5895	0.891841
5896	0.89264
5897	0.889167
5898	0.887061
5899	0.891085
5900	0.885524
5901	0.886998
5902	0.890346
5903	0.893587
5904	0.892024
5905	0.892179
5906	0.894004
5907	0.892368
5908	0.890921
5909	0.890555
5910	0.891814
5911	0.890743
5912	0.893722
5913	0.890486
5914	0.892655
5915	0.891156
5916	0.892279
5917	0.892794
5918	0.8895
5919	0.88656
5920	0.886768
5921	0.892465
5922	0.892352
5923	0.891065
5924	0.883054
5925	0.891158
5926	0.894814
5927	0.894424
5928	0.891683
5929	0.893108
5930	0.894825
5931	0.893764
5932	0.889481
5933	0.891648
5934	0.893524
5935	0.894146
5936	0.893204
5937	0.894271
5938	0.892929
5939	0.894488
5940	0.891671
5941	0.885982
5942	0.885433
5943	0.889078
5944	0.892188
5945	0.890478
5946	0.886434
5947	0.887205
5948	0.893708
5949	0.888572
5950	0.889923
5951	0.892555
5952	0.893578
5953	0.89407
5954	0.894254
5955	0.891931
5956	0.89276
5957	0.893004
5958	0.887575
5959	0.890562
5960	0.893396
5961	0.893719
5962	0.892834
5963	0.894034
5964	0.894233
5965	0.893613
5966	0.892571
5967	0.890927
5968	0.88605
5969	0.892654
5970	0.892394
5971	0.891376
5972	0.894096
5973	0.893926
5974	0.893667
5975	0.890877
5976	0.89342
5977	0.88924
5978	0.891728
5979	0.893909
5980	0.893287
5981	0.893021
5982	0.893379
5983	0.89373
5984	0.893588
5985	0.892164
5986	0.893895
5987	0.893051
5988	0.893485
5989	0.891806
5990	0.893776
5991	0.891901
5992	0.892593
5993	0.893655
5994	0.893406
5995	0.893201
5996	0.894022
5997	0.893005
5998	0.893716
5999	0.894103
6000	0.892556
6001	0.89399
6002	0.893711
6003	0.893583
6004	0.893902
6005	0.893642
6006	0.894101
6007	0.894076
6008	0.89401
6009	0.89386
6010	0.894251
6011	0.894254
6012	0.894079
6013	0.89418
6014	0.894345
6015	0.894145
6016	0.893253
6017	0.894444
6018	0.894446
6019	0.894182
6020	0.894564
6021	0.894553
6022	0.89457
6023	0.894658
6024	0.894457
6025	0.894752
6026	0.894699
6027	0.894809
6028	0.89462
6029	0.894843
6030	0.894898
6031	0.894922
6032	0.89498
6033	0.895114
6034	0.895167
6035	0.895197
6036	0.895263
6037	0.895279
6038	0.895387
6039	0.895439
6040	0.895452
6041	0.895536
6042	0.895631
6043	0.895654
6044	0.895703
6045	0.89578
6046	0.895831
6047	0.89589
6048	0.895931
6049	0.895968
6050	0.896048
6051	0.896129
6052	0.896209
6053	0.89629
6054	0.896367
6055	0.896418
6056	0.896474
6057	0.896519
6058	0.896598
6059	0.896679
6060	0.896756
6061	0.896839
6062	0.896919
6063	0.896999
6064	0.897066
6065	0.897126
6066	0.897198
6067	0.897232
6068	0.897347
6069	0.897441
6070	0.897527
6071	0.897608
6072	0.897689
6073	0.897775
6074	0.897855
6075	0.897929
6076	0.898008
6077	0.898091
6078	0.898169
6079	0.898241
6080	0.898312
6081	0.898357
6082	0.898455
6083	0.898569
6084	0.898659
6085	0.898741
6086	0.898815
6087	0.898885
6088	0.898956
6089	0.89904
6090	0.899134
6091	0.89923
6092	0.89931
6093	0.89939
6094	0.899469
6095	0.899548
6096	0.899627
6097	0.899706
6098	0.899785
6099	0.899865
6100	0.899964
6101	0.900078
6102	0.900172
6103	0.900268
6104	0.900348
6105	0.900419
6106	0.900491
6107	0.90057
6108	0.90066
6109	0.900747
6110	0.900826
6111	0.900904
6112	0.900983
6113	0.901062
6114	0.901141
6115	0.901219
6116	0.901296
6117	0.901371
6118	0.901455
6119	0.901533
6120	0.901612
6121	0.90169
6122	0.901769
6123	0.901847
6124	0.901926
6125	0.902001
6126	0.902073
6127	0.902146
6128	0.902218
6129	0.902289
6130	0.902358
6131	0.902423
6132	0.902467
6133	0.902537
6134	0.902615
6135	0.902693
6136	0.902771
6137	0.902849
6138	0.902927
6139	0.903005
6140	0.903074
6141	0.903132
6142	0.903164
6143	0.903223
6144	0.903301
6145	0.903379
6146	0.903457
6147	0.903535
6148	0.903599
6149	0.903668
6150	0.903739
6151	0.903802
6152	0.903859
6153	0.903907
6154	0.903985
6155	0.904062
6156	0.904134
6157	0.904195
6158	0.904238
6159	0.904279
6160	0.904356
6161	0.904434
6162	0.904488
6163	0.904548
6164	0.904608
6165	0.90465
6166	0.904727
6167	0.904803
6168	0.904837
6169	0.904868
6170	0.904942
6171	0.905001
6172	0.905057
6173	0.905088
6174	0.905157
6175	0.905234
6176	0.905277
6177	0.905308
6178	0.905372
6179	0.905438
6180	0.905484
6181	0.905528
6182	0.905559
6183	0.905591
6184	0.905646
6185	0.905713
6186	0.905758
6187	0.905805
6188	0.905841
6189	0.905872
6190	0.905919
6191	0.905991
6192	0.906022
6193	0.906059
6194	0.906097
6195	0.906133
6196	0.906165
6197	0.906193
6198	0.906226
6199	0.906275
6200	0.906309
6201	0.90634
6202	0.906371
6203	0.906402
6204	0.906433
6205	0.906464
6206	0.906488
6207	0.906526
6208	0.906557
6209	0.906588
6210	0.906619
6211	0.906649
6212	0.90668
6213	0.906711
6214	0.906742
6215	0.906773
6216	0.906802
6217	0.906832
6218	0.90685
6219	0.906864
6220	0.906864
6221	0.906863
6222	0.906894
6223	0.906925
6224	0.906952
6225	0.906986
6226	0.907012
6227	0.907034
6228	0.907028
6229	0.907014
6230	0.907045
6231	0.907075
6232	0.907105
6233	0.907136
6234	0.907166
6235	0.907193
6236	0.907226
6237	0.907249
6238	0.907255
6239	0.907241
6240	0.907254
6241	0.907284
6242	0.907314
6243	0.907324
6244	0.907331
6245	0.907339
6246	0.907333
6247	0.907371
6248	0.907365
6249	0.907403
6250	0.907424
6251	0.907492
6252	0.907479
6253	0.907545
6254	0.907528
6255	0.907564
6256	0.907525
6257	0.907577
6258	0.907597
6259	0.907559
6260	0.907658
6261	0.90733
6262	0.907493
6263	0.907749
6264	0.907663
6265	0.907608
6266	0.907787
6267	0.907663
6268	0.907058
6269	0.90756
6270	0.907585
6271	0.907899
6272	0.907014
6273	0.907647
6274	0.908038
6275	0.9073
6276	0.907903
6277	0.863299
6278	0.85393
6279	0.872039
6280	0.87325
6281	0.892118
6282	0.891584
6283	0.896399
6284	0.898486
6285	0.904226
6286	0.906476
6287	0.908295
6288	0.899947
6289	0.898082
6290	0.894087
6291	0.908163
6292	0.894245
6293	0.889828
6294	0.908911
6295	0.891943
6296	0.890308
6297	0.907676
6298	0.897992
6299	0.88646
6300	0.909238
6301	0.909379
6302	0.895503
6303	0.894271
6304	0.909571
6305	0.909368
6306	0.897592
6307	0.898635
6308	0.909813
6309	0.909517
6310	0.9015
6311	0.901305
6312	0.910069
6313	0.909889
6314	0.90472
6315	0.904293
6316	0.909244
6317	0.90913
6318	0.910598
6319	0.906872
6320	0.905912
6321	0.910512
6322	0.910756
6323	0.911021
6324	0.906483
6325	0.910417
6326	0.911257
6327	0.911372
6328	0.911609
6329	0.910407
6330	0.910508
6331	0.911877
6332	0.911254
6333	0.911766
6334	0.911719
6335	0.911798
6336	0.912144
6337	0.912604
6338	0.912582
6339	0.912798
6340	0.912729
6341	0.912442
6342	0.912055
6343	0.913148
6344	0.913447
6345	0.913489
6346	0.913451
6347	0.912284
6348	0.913878
6349	0.914004
6350	0.914109
6351	0.913291
6352	0.913973
6353	0.914434
6354	0.914589
6355	0.914347
6356	0.914807
6357	0.914932
6358	0.91465
6359	0.914616
6360	0.915223
6361	0.914709
6362	0.915282
6363	0.915573
6364	0.915683
6365	0.91577
6366	0.915922
6367	0.916038
6368	0.915841
6369	0.916007
6370	0.916276
6371	0.91606
6372	0.915933
6373	0.916552
6374	0.91676
6375	0.916805
6376	0.917045
6377	0.917139
6378	0.917263
6379	0.917172
6380	0.917465
6381	0.917466
6382	0.917565
6383	0.917413
6384	0.917815
6385	0.917892
6386	0.917954
6387	0.918131
6388	0.918232
6389	0.918268
6390	0.918192
6391	0.918451
6392	0.91867
6393	0.918587
6394	0.918804
6395	0.918972
6396	0.919001
6397	0.919043
6398	0.919153
6399	0.919278
6400	0.919319
6401	0.919457
6402	0.919621
6403	0.919611
6404	0.9198
6405	0.919842
6406	0.920036
6407	0.920087
6408	0.919805
6409	0.919958
6410	0.920252
6411	0.920398
6412	0.920532
6413	0.920536
6414	0.920549
6415	0.920749
6416	0.920758
6417	0.920678
6418	0.921006
6419	0.920916
6420	0.921064
6421	0.921263
6422	0.921321
6423	0.921375
6424	0.921508
6425	0.921126
6426	0.921412
6427	0.921668
6428	0.92182
6429	0.921813
6430	0.921681
6431	0.92202
6432	0.922081
6433	0.921371
6434	0.922176
6435	0.921953
6436	0.922415
6437	0.922501
6438	0.92259
6439	0.922294
6440	0.922303
6441	0.922742
6442	0.92263
6443	0.922687
6444	0.922318
6445	0.922627
6446	0.922918
6447	0.923022
6448	0.922377
6449	0.923197
6450	0.923067
6451	0.923131
6452	0.923376
6453	0.923159
6454	0.922206
6455	0.923124
6456	0.923727
6457	0.922876
6458	0.923779
6459	0.921041
6460	0.921548
6461	0.923684
6462	0.922415
6463	0.922731
6464	0.921252
6465	0.923637
6466	0.922175
6467	0.922818
6468	0.921179
6469	0.9227
6470	0.920248
6471	0.923945
6472	0.922951
6473	0.918855
6474	0.92387
6475	0.91503
6476	0.915588
6477	0.920774
6478	0.924631
6479	0.921732
6480	0.917128
6481	0.924391
6482	0.92423
6483	0.918182
6484	0.917877
6485	0.923486
6486	0.923332
6487	0.921063
6488	0.923517
6489	0.923191
6490	0.92551
6491	0.917232
6492	0.925557
6493	0.917663
6494	0.92468
6495	0.925588
6496	0.917699
6497	0.925187
6498	0.923835
6499	0.926144
6500	0.92598
6501	0.926023
6502	0.92586
6503	0.925347
6504	0.923817
6505	0.926497
6506	0.926375
6507	0.926565
6508	0.92548
6509	0.923511
6510	0.926732
6511	0.926733
6512	0.922753
6513	0.926745
6514	0.924674
6515	0.91838
6516	0.920803
6517	0.91233
6518	0.924357
6519	0.922233
6520	0.92535
6521	0.927298
6522	0.926084
6523	0.926222
6524	0.92152
6525	0.927555
6526	0.927117
6527	0.927557
6528	0.927396
6529	0.927784
6530	0.927637
6531	0.92663
6532	0.922249
6533	0.927643
6534	0.924464
6535	0.9268
6536	0.927857
6537	0.926068
6538	0.928196
6539	0.928108
6540	0.927893
6541	0.928247
6542	0.925595
6543	0.927923
6544	0.919616
6545	0.928355
6546	0.927383
6547	0.928533
6548	0.925079
6549	0.922272
6550	0.928797
6551	0.92894
6552	0.927704
6553	0.92161
6554	0.92624
6555	0.928154
6556	0.928951
6557	0.925458
6558	0.927408
6559	0.928894
6560	0.928311
6561	0.927419
6562	0.928712
6563	0.928801
6564	0.923182
6565	0.929306
6566	0.929475
6567	0.929452
6568	0.929509
6569	0.92716
6570	0.929643
6571	0.929176
6572	0.924891
6573	0.929814
6574	0.92969
6575	0.922834
6576	0.929807
6577	0.930195
6578	0.930309
6579	0.929987
6580	0.930296
6581	0.92839
6582	0.93016
6583	0.929398
6584	0.929999
6585	0.930266
6586	0.929088
6587	0.928055
6588	0.930514
6589	0.930373
6590	0.930898
6591	0.930811
6592	0.930909
6593	0.930503
6594	0.930053
6595	0.931055
6596	0.931018
6597	0.930853
6598	0.931274
6599	0.929734
6600	0.930984
6601	0.93138
6602	0.930397
6603	0.931432
6604	0.931455
6605	0.931401
6606	0.931289
6607	0.93169
6608	0.931808
6609	0.931819
6610	0.931707
6611	0.931872
6612	0.931406
6613	0.93169
6614	0.932079
6615	0.932103
6616	0.932046
6617	0.932176
6618	0.93222
6619	0.932243
6620	0.932335
6621	0.932294
6622	0.932359
6623	0.932372
6624	0.932549
6625	0.932577
6626	0.932347
6627	0.932702
6628	0.93242
6629	0.932628
6630	0.932852
6631	0.932859
6632	0.932838
6633	0.932718
6634	0.933029
6635	0.933001
6636	0.933119
6637	0.933169
6638	0.933161
6639	0.933274
6640	0.933292
6641	0.933268
6642	0.933146
6643	0.933195
6644	0.933315
6645	0.933575
6646	0.933599
6647	0.933628
6648	0.933706
6649	0.93349
6650	0.933822
6651	0.933869
6652	0.93388
6653	0.933876
6654	0.933986
6655	0.933999
6656	0.934091
6657	0.934156
6658	0.934198
6659	0.934249
6660	0.934208
6661	0.934313
6662	0.934211
6663	0.93447
6664	0.934524
6665	0.934437
6666	0.934547
6667	0.934675
6668	0.934724
6669	0.934773
6670	0.934822
6671	0.934736
6672	0.934886
6673	0.934949
6674	0.935014
6675	0.935052
6676	0.935084
6677	0.935144
6678	0.93521
6679	0.935272
6680	0.935323
6681	0.935373
6682	0.93541
6683	0.935441
6684	0.935384
6685	0.935565
6686	0.935614
6687	0.935663
6688	0.935677
6689	0.935758
6690	0.935802
6691	0.935859
6692	0.935907
6693	0.93594
6694	0.935968
6695	0.936033
6696	0.936084
6697	0.936144
6698	0.936193
6699	0.936222
6700	0.936289
6701	0.936328
6702	0.936382
6703	0.936428
6704	0.936474
6705	0.936497
6706	0.936557
6707	0.936616
6708	0.936658
6709	0.936681
6710	0.936721
6711	0.936786
6712	0.936851
6713	0.936905
6714	0.936953
6715	0.937
6716	0.937026
6717	0.937079
6718	0.937143
6719	0.937188
6720	0.93721
6721	0.937242
6722	0.937306
6723	0.937371
6724	0.937413
6725	0.937471
6726	0.937519
6727	0.937554
6728	0.937598
6729	0.937656
6730	0.9377
6731	0.937737
6732	0.93776
6733	0.937825
6734	0.937877
6735	0.93792
6736	0.937942
6737	0.937987
6738	0.938051
6739	0.938101
6740	0.938125
6741	0.938149
6742	0.938213
6743	0.938266
6744	0.938307
6745	0.938329
6746	0.938374
6747	0.938434
6748	0.938476
6749	0.938511
6750	0.938535
6751	0.938599
6752	0.938653
6753	0.938693
6754	0.938714
6755	0.938759
6756	0.938821
6757	0.938863
6758	0.938896
6759	0.938919
6760	0.938983
6761	0.939041
6762	0.939077
6763	0.939099
6764	0.939143
6765	0.939207
6766	0.939257
6767	0.93928
6768	0.939303
6769	0.939367
6770	0.939422
6771	0.939461
6772	0.939482
6773	0.939526
6774	0.939588
6775	0.939628
6776	0.939663
6777	0.939684
6778	0.939748
6779	0.939795
6780	0.939835
6781	0.939865
6782	0.939896
6783	0.939941
6784	0.939988
6785	0.940026
6786	0.940056
6787	0.940088
6788	0.940109
6789	0.94016
6790	0.940216
6791	0.940253
6792	0.940289
6793	0.940317
6794	0.940361
6795	0.940404
6796	0.940438
6797	0.940401
6798	0.940511
6799	0.940532
6800	0.940525
6801	0.94062
6802	0.940656
6803	0.940683
6804	0.940652
6805	0.940741
6806	0.940774
6807	0.94074
6808	0.940869
6809	0.940905
6810	0.940941
6811	0.940957
6812	0.940995
6813	0.941016
6814	0.940942
6815	0.941112
6816	0.941127
6817	0.941037
6818	0.941205
6819	0.941232
6820	0.941257
6821	0.941236
6822	0.94133
6823	0.941314
6824	0.941305
6825	0.941206
6826	0.94142
6827	0.941434
6828	0.941518
6829	0.941415
6830	0.94159
6831	0.941641
6832	0.941674
6833	0.941573
6834	0.941674
6835	0.941758
6836	0.94178
6837	0.941842
6838	0.941807
6839	0.941694
6840	0.941892
6841	0.9419
6842	0.941676
6843	0.941969
6844	0.941993
6845	0.942022
6846	0.941998
6847	0.942189
6848	0.942075
6849	0.942236
6850	0.94227
6851	0.942332
6852	0.942376
6853	0.94218
6854	0.942118
6855	0.942485
6856	0.942478
6857	0.942522
6858	0.942515
6859	0.942535
6860	0.942546
6861	0.942562
6862	0.942596
6863	0.942427
6864	0.942341
6865	0.942284
6866	0.941392
6867	0.786032
6868	0.609265
6869	0.65046
6870	0.700159
6871	0.638976
6872	0.772123
6873	0.757688
6874	0.766658
6875	0.753813
6876	0.80376
6877	0.78129
6878	0.819154
6879	0.821345
6880	0.864274
6881	0.941144
6882	0.941562
6883	0.940259
6884	0.829911
6885	0.936045
6886	0.808667
6887	0.788281
6888	0.932408
6889	0.784212
6890	0.768319
6891	0.934658
6892	0.793213
6893	0.753369
6894	0.925515
6895	0.935403
6896	0.78033
6897	0.773331
6898	0.937721
6899	0.938767
6900	0.794815
6901	0.790218
6902	0.940035
6903	0.939903
6904	0.815448
6905	0.808531
6906	0.938233
6907	0.94107
6908	0.909199
6909	0.78283
6910	0.916455
6911	0.94109
6912	0.942106
6913	0.856097
6914	0.853727
6915	0.941567
6916	0.942464
6917	0.941753
6918	0.876734
6919	0.874479
6920	0.943604
6921	0.943301
6922	0.941807
6923	0.888887
6924	0.891008
6925	0.942084
6926	0.944475
6927	0.938267
6928	0.944106
6929	0.899058
6930	0.905428
6931	0.938691
6932	0.937594
6933	0.942715
6934	0.912922
6935	0.92405
6936	0.942505
6937	0.944819
6938	0.925138
6939	0.943716
6940	0.903892
6941	0.92675
6942	0.924162
6943	0.944447
6944	0.926177
6945	0.945535
6946	0.945654
6947	0.928248
6948	0.923239
6949	0.92928
6950	0.945125
6951	0.936768
6952	0.944774
6953	0.942251
6954	0.932556
6955	0.945491
6956	0.917181
6957	0.934254
6958	0.945338
6959	0.934403
6960	0.941042
6961	0.922703
6962	0.945543
6963	0.946415
6964	0.943977
6965	0.940526
6966	0.946638
6967	0.946461
6968	0.946331
6969	0.946713
6970	0.946037
6971	0.940463
6972	0.94542
6973	0.946341
6974	0.946427
6975	0.946147
6976	0.946516
6977	0.943298
6978	0.943249
6979	0.945416
6980	0.94643
6981	0.943511
6982	0.943992
6983	0.947207
6984	0.946464
6985	0.943691
6986	0.942826
6987	0.932476
6988	0.943327
6989	0.924744
6990	0.939664
6991	0.94419
6992	0.945407
6993	0.938965
6994	0.930582
6995	0.945085
6996	0.947405
6997	0.947166
6998	0.942308
6999	0.92584
7000	0.946738
7001	0.946284
7002	0.944569
7003	0.946955
7004	0.942221
7005	0.92514
7006	0.941777
7007	0.945521
7008	0.944829
7009	0.946175
7010	0.943438
7011	0.934532
7012	0.947098
7013	0.947151
7014	0.946987
7015	0.943586
7016	0.926971
7017	0.938191
7018	0.947921
7019	0.943352
7020	0.946781
7021	0.944169
7022	0.946902
7023	0.938011
7024	0.939765
7025	0.945737
7026	0.944854
7027	0.92938
7028	0.935402
7029	0.946541
7030	0.9479
7031	0.947769
7032	0.948209
7033	0.948785
7034	0.948778
7035	0.948727
7036	0.948458
7037	0.942321
7038	0.941591
7039	0.944449
7040	0.933566
7041	0.948417
7042	0.945807
7043	0.948371
7044	0.947367
7045	0.947839
7046	0.949046
7047	0.943933
7048	0.947835
7049	0.947899
7050	0.947774
7051	0.939069
7052	0.945249
7053	0.939708
7054	0.948429
7055	0.947404
7056	0.948179
7057	0.942453
7058	0.946646
7059	0.948026
7060	0.946745
7061	0.94675
7062	0.94731
7063	0.945865
7064	0.948283
7065	0.947139
7066	0.942949
7067	0.947878
7068	0.948396
7069	0.948329
7070	0.949147
7071	0.948965
7072	0.946449
7073	0.948132
7074	0.948806
7075	0.947296
7076	0.948418
7077	0.94941
7078	0.943513
7079	0.946105
7080	0.947093
7081	0.948208
7082	0.949434
7083	0.949209
7084	0.949929
7085	0.949185
7086	0.948397
7087	0.950054
7088	0.944065
7089	0.949107
7090	0.949241
7091	0.948205
7092	0.950141
7093	0.949184
7094	0.948506
7095	0.949076
7096	0.948772
7097	0.949365
7098	0.949096
7099	0.947801
7100	0.948621
7101	0.948921
7102	0.947997
7103	0.949661
7104	0.949415
7105	0.949806
7106	0.946605
7107	0.949803
7108	0.949951
7109	0.948404
7110	0.949767
7111	0.94947
7112	0.949075
7113	0.950681
7114	0.949723
7115	0.950226
7116	0.949332
7117	0.950796
7118	0.947063
7119	0.950096
7120	0.949672
7121	0.950909
7122	0.949564
7123	0.949688
7124	0.950164
7125	0.950384
7126	0.950487
7127	0.950826
7128	0.947638
7129	0.948995
7130	0.949234
7131	0.949342
7132	0.949838
7133	0.950517
7134	0.948873
7135	0.950884
7136	0.951076
7137	0.948164
7138	0.948335
7139	0.951127
7140	0.948808
7141	0.950105
7142	0.950101
7143	0.947551
7144	0.951116
7145	0.950013
7146	0.949538
7147	0.949912
7148	0.943733
7149	0.95074
7150	0.947985
7151	0.9428
7152	0.950516
7153	0.949825
7154	0.949895
7155	0.950132
7156	0.946428
7157	0.950633
7158	0.950014
7159	0.941695
7160	0.950627
7161	0.951097
7162	0.945036
7163	0.94884
7164	0.939157
7165	0.948309
7166	0.942263
7167	0.929282
7168	0.907602
7169	0.94374
7170	0.924418
7171	0.924025
7172	0.943537
7173	0.875766
7174	0.905151
7175	0.94877
7176	0.920613
7177	0.874076
7178	0.906187
7179	0.941463
7180	0.948527
7181	0.927784
7182	0.87515
7183	0.948017
7184	0.889578
7185	0.858385
7186	0.849314
7187	0.831226
7188	0.936293
7189	0.94563
7190	0.950972
7191	0.884847
7192	0.863904
7193	0.927158
7194	0.869637
7195	0.920915
7196	0.937545
7197	0.924605
7198	0.897447
7199	0.943265
7200	0.907199
7201	0.809095
7202	0.941303
7203	0.947022
7204	0.850553
7205	0.942713
7206	0.867663
7207	0.92408
7208	0.949087
7209	0.935927
7210	0.930212
7211	0.940571
7212	0.948538
7213	0.952455
7214	0.951319
7215	0.949806
7216	0.940756
7217	0.931595
7218	0.942689
7219	0.948061
7220	0.95186
7221	0.952336
7222	0.952724
7223	0.944086
7224	0.910496
7225	0.95166
7226	0.952318
7227	0.93432
7228	0.926236
7229	0.952132
7230	0.952013
7231	0.947144
7232	0.926423
7233	0.862316
7234	0.926378
7235	0.84275
7236	0.902942
7237	0.951449
7238	0.948355
7239	0.950093
7240	0.924254
7241	0.829933
7242	0.952271
7243	0.926411
7244	0.863116
7245	0.946058
7246	0.912317
7247	0.923504
7248	0.952274
7249	0.935673
7250	0.93168
7251	0.94922
7252	0.879156
7253	0.882579
7254	0.899685
7255	0.952692
7256	0.951767
7257	0.927416
7258	0.921141
7259	0.945526
7260	0.94506
7261	0.929136
7262	0.935187
7263	0.934255
7264	0.934872
7265	0.898828
7266	0.865327
7267	0.953569
7268	0.950506
7269	0.9514
7270	0.922217
7271	0.951707
7272	0.951784
7273	0.855238
7274	0.949817
7275	0.911435
7276	0.921873
7277	0.848359
7278	0.921174
7279	0.946077
7280	0.945016
7281	0.941752
7282	0.935397
7283	0.947791
7284	0.953962
7285	0.953029
7286	0.953735
7287	0.907977
7288	0.919898
7289	0.953538
7290	0.87326
7291	0.918079
7292	0.933136
7293	0.928182
7294	0.94417
7295	0.92557
7296	0.942113
7297	0.953008
7298	0.949475
7299	0.953357
7300	0.920206
7301	0.947767
7302	0.93829
7303	0.899378
7304	0.889815
7305	0.948953
7306	0.948308
7307	0.954608
7308	0.953843
7309	0.920682
7310	0.914884
7311	0.938728
7312	0.950727
7313	0.926019
7314	0.953352
7315	0.942861
7316	0.940766
7317	0.924904
7318	0.931752
7319	0.920068
7320	0.955112
7321	0.946293
7322	0.954911
7323	0.955089
7324	0.943003
7325	0.952004
7326	0.955156
7327	0.934939
7328	0.951626
7329	0.954543
7330	0.954989
7331	0.940875
7332	0.955358
7333	0.942402
7334	0.935885
7335	0.942263
7336	0.953481
7337	0.95491
7338	0.955955
7339	0.954813
7340	0.953828
7341	0.953071
7342	0.955083
7343	0.956076
7344	0.943191
7345	0.946591
7346	0.955707
7347	0.954677
7348	0.949648
7349	0.942943
7350	0.944845
7351	0.956099
7352	0.956218
7353	0.951752
7354	0.953129
7355	0.953386
7356	0.95125
7357	0.948184
7358	0.955698
7359	0.95241
7360	0.946012
7361	0.950053
7362	0.951296
7363	0.954963
7364	0.944271
7365	0.952876
7366	0.950183
7367	0.955657
7368	0.951243
7369	0.940497
7370	0.95385
7371	0.95245
7372	0.953359
7373	0.955416
7374	0.953836
7375	0.956437
7376	0.954894
7377	0.956259
7378	0.949365
7379	0.956139
7380	0.956068
7381	0.955076
7382	0.951361
7383	0.952276
7384	0.946518
7385	0.956662
7386	0.956797
7387	0.956414
7388	0.956626
7389	0.955275
7390	0.951099
7391	0.949985
7392	0.953819
7393	0.956308
7394	0.956618
7395	0.957013
7396	0.950252
7397	0.951369
7398	0.956109
7399	0.955999
7400	0.957083
7401	0.956079
7402	0.956915
7403	0.956953
7404	0.955857
7405	0.956983
7406	0.955807
7407	0.956438
7408	0.955965
7409	0.956952
7410	0.956046
7411	0.952861
7412	0.957283
7413	0.957254
7414	0.957115
7415	0.955288
7416	0.955979
7417	0.957298
7418	0.95721
7419	0.957418
7420	0.957287
7421	0.955483
7422	0.957298
7423	0.956659
7424	0.957245
7425	0.955404
7426	0.955833
7427	0.957469
7428	0.957015
7429	0.957481
7430	0.957514
7431	0.957326
7432	0.957501
7433	0.957393
7434	0.957521
7435	0.95728
7436	0.957547
7437	0.957507
7438	0.957378
7439	0.957503
7440	0.957408
7441	0.956483
7442	0.957373
7443	0.957619
7444	0.957577
7445	0.957676
7446	0.957587
7447	0.957732
7448	0.957739
7449	0.957625
7450	0.957655
7451	0.957549
7452	0.957531
7453	0.957745
7454	0.957644
7455	0.957579
7456	0.957743
7457	0.957831
7458	0.957469
7459	0.957817
7460	0.957791
7461	0.957883
7462	0.957904
7463	0.957924
7464	0.957944
7465	0.957958
7466	0.957943
7467	0.957784
7468	0.957875
7469	0.957879
7470	0.957967
7471	0.958024
7472	0.958031
7473	0.95807
7474	0.958094
7475	0.95807
7476	0.958108
7477	0.958033
7478	0.958131
7479	0.958175
7480	0.958159
7481	0.958188
7482	0.95824
7483	0.958254
7484	0.958266
7485	0.958291
7486	0.958337
7487	0.958338
7488	0.958366
7489	0.958361
7490	0.958388
7491	0.958454
7492	0.95847
7493	0.958433
7494	0.958504
7495	0.958494
7496	0.958579
7497	0.958578
7498	0.958631
7499	0.958641
7500	0.958648
7501	0.958697
7502	0.958711
7503	0.958691
7504	0.958759
7505	0.958763
7506	0.95881
7507	0.958876
7508	0.958876
7509	0.958901
7510	0.958933
7511	0.958985
7512	0.959012
7513	0.959038
7514	0.959054
7515	0.959039
7516	0.959097
7517	0.959088
7518	0.959158
7519	0.959199
7520	0.959217
7521	0.959251
7522	0.959263
7523	0.959289
7524	0.959303
7525	0.95933
7526	0.959382
7527	0.959418
7528	0.959435
7529	0.959447
7530	0.959481
7531	0.959494
7532	0.959508
7533	0.959553
7534	0.959605
7535	0.959623
7536	0.959659
7537	0.959672
7538	0.959686
7539	0.959699
7540	0.959724
7541	0.959776
7542	0.95981
7543	0.959834
7544	0.959858
7545	0.959877
7546	0.95989
7547	0.959904
7548	0.959923
7549	0.959975
7550	0.960002
7551	0.960023
7552	0.960041
7553	0.960072
7554	0.960095
7555	0.960108
7556	0.960118
7557	0.960135
7558	0.960174
7559	0.960182
7560	0.96023
7561	0.960253
7562	0.960274
7563	0.960295
7564	0.960316
7565	0.960337
7566	0.960352
7567	0.960365
7568	0.960379
7569	0.960392
7570	0.960408
7571	0.96046
7572	0.96047
7573	0.960484
7574	0.960519
7575	0.960539
7576	0.960536
7577	0.960578
7578	0.960597
7579	0.960616
7580	0.960625
7581	0.960608
7582	0.960608
7583	0.96064
7584	0.960614
7585	0.960546
7586	0.960432
7587	0.960243
7588	0.959955
7589	0.959512
7590	0.95883
7591	0.957723
7592	0.955714
7593	0.947472
7594	0.607956
7595	0.480291
7596	0.389845
7597	0.488796
7598	0.608425
7599	0.335136
7600	0.289092
7601	0.478972
7602	0.135083
7603	0.425791
7604	0.209819
7605	0.381395
7606	0.320175
7607	0.281089
7608	0.304672
7609	0.332373
7610	0.361575
7611	0.561091
7612	0.333121
7613	0.390048
7614	0.797809
7615	0.448869
7616	0.564237
7617	0.914316
7618	0.943125
7619	0.942511
7620	0.886852
7621	0.45901
7622	0.868319
7623	0.472875
7624	0.497021
7625	0.572963
7626	0.843991
7627	0.342178
7628	0.327863
7629	0.751227
7630	0.822638
7631	0.329643
7632	0.306574
7633	0.774148
7634	0.847967
7635	0.376069
7636	0.355974
7637	0.704643
7638	0.877813
7639	0.676465
7640	0.414623
7641	0.434851
7642	0.890775
7643	0.887816
7644	0.439879
7645	0.422525
7646	0.789081
7647	0.916326
7648	0.906183
7649	0.486055
7650	0.468304
7651	0.88897
7652	0.93214
7653	0.926016
7654	0.564921
7655	0.555572
7656	0.907027
7657	0.943483
7658	0.945814
7659	0.694886
7660	0.681995
7661	0.826802
7662	0.950104
7663	0.955899
7664	0.944066
7665	0.714843
7666	0.711305
7667	0.951424
7668	0.957006
7669	0.957372
7670	0.92788
7671	0.791817
7672	0.791167
7673	0.958067
7674	0.960566
7675	0.959877
7676	0.926931
7677	0.853371
7678	0.847164
7679	0.960489
7680	0.961539
7681	0.961332
7682	0.960052
7683	0.8788
7684	0.876605
7685	0.961231
7686	0.961153
7687	0.960739
7688	0.960154
7689	0.910153
7690	0.908208
7691	0.959098
7692	0.961396
7693	0.959831
7694	0.960608
7695	0.960183
7696	0.933375
7697	0.932464
7698	0.960124
7699	0.961708
7700	0.961031
7701	0.960577
7702	0.961019
7703	0.95028
7704	0.949092
7705	0.961869
7706	0.962249
7707	0.962261
7708	0.962274
7709	0.962286
7710	0.956837
7711	0.957491
7712	0.961397
7713	0.962191
7714	0.960875
7715	0.962359
7716	0.960819
7717	0.959115
7718	0.960276
7719	0.962384
7720	0.96059
7721	0.961488
7722	0.961116
7723	0.962428
7724	0.962277
7725	0.960191
7726	0.959815
7727	0.962434
7728	0.962423
7729	0.960833
7730	0.96065
7731	0.962456
7732	0.962472
7733	0.962319
7734	0.960987
7735	0.961037
7736	0.962503
7737	0.962513
7738	0.962511
7739	0.961527
7740	0.961449
7741	0.962484
7742	0.962488
7743	0.962497
7744	0.961862
7745	0.96182
7746	0.962541
7747	0.962551
7748	0.962554
7749	0.962391
7750	0.962273
7751	0.962125
7752	0.962571
7753	0.962557
7754	0.962545
7755	0.962335
7756	0.962286
7757	0.962582
7758	0.962594
7759	0.962606
7760	0.962618
7761	0.962494
7762	0.962492
7763	0.962641
7764	0.962652
7765	0.96266
7766	0.962667
7767	0.962627
7768	0.962635
7769	0.962647
7770	0.962699
7771	0.962707
7772	0.962715
7773	0.962723
7774	0.962702
7775	0.9627
7776	0.962682
7777	0.962724
7778	0.962736
7779	0.962748
7780	0.96276
7781	0.962772
7782	0.962781
7783	0.962795
7784	0.962807
7785	0.962819
7786	0.962831
7787	0.962843
7788	0.96285
7789	0.962866
7790	0.962878
7791	0.96289
7792	0.962772
7793	0.96291
7794	0.962925
7795	0.962937
7796	0.962978
7797	0.962986
7798	0.963022
7799	0.963039
7800	0.963056
7801	0.963073
7802	0.96308
7803	0.962859
7804	0.963123
7805	0.963142
7806	0.96316
7807	0.963174
7808	0.963186
7809	0.963169
7810	0.963174
7811	0.963221
7812	0.963233
7813	0.963245
7814	0.963277
7815	0.963303
7816	0.963323
7817	0.963301
7818	0.96334
7819	0.963227
7820	0.963363
7821	0.963399
7822	0.963364
7823	0.963457
7824	0.963474
7825	0.963445
7826	0.963467
7827	0.963556
7828	0.963495
7829	0.963514
7830	0.963613
7831	0.96364
7832	0.963517
7833	0.963605
7834	0.963681
7835	0.963697
7836	0.96369
7837	0.963523
7838	0.963765
7839	0.963484
7840	0.963189
7841	0.963549
7842	0.96387
7843	0.963897
7844	0.963911
7845	0.963625
7846	0.962775
7847	0.963701
7848	0.963992
7849	0.963531
7850	0.963961
7851	0.963884
7852	0.964081
7853	0.96398
7854	0.96332
7855	0.962794
7856	0.964027
7857	0.964195
7858	0.964017
7859	0.964002
7860	0.964226
7861	0.963058
7862	0.964082
7863	0.963239
7864	0.962556
7865	0.96364
7866	0.958521
7867	0.963358
7868	0.964112
7869	0.964346
7870	0.960157
7871	0.963537
7872	0.964376
7873	0.961232
7874	0.964363
7875	0.962095
7876	0.961429
7877	0.958284
7878	0.964504
7879	0.964477
7880	0.962117
7881	0.9599
7882	0.96274
7883	0.964592
7884	0.964467
7885	0.961496
7886	0.963035
7887	0.956358
7888	0.964514
7889	0.96042
7890	0.963407
7891	0.961432
7892	0.956702
7893	0.961093
7894	0.958041
7895	0.958577
7896	0.946473
7897	0.964563
7898	0.964859
7899	0.964747
7900	0.964187
7901	0.959691
7902	0.947395
7903	0.960307
7904	0.963569
7905	0.964971
7906	0.964767
7907	0.964208
7908	0.964177
7909	0.945198
7910	0.963889
7911	0.959664
7912	0.962613
7913	0.964954
7914	0.965116
7915	0.964367
7916	0.957514
7917	0.961863
7918	0.960244
7919	0.965032
7920	0.964093
7921	0.949479
7922	0.964997
7923	0.965093
7924	0.955095
7925	0.964309
7926	0.965296
7927	0.965261
7928	0.962202
7929	0.947171
7930	0.963939
7931	0.965228
7932	0.961303
7933	0.965268
7934	0.965453
7935	0.965473
7936	0.965465
7937	0.96482
7938	0.965499
7939	0.964713
7940	0.96546
7941	0.965424
7942	0.96241
7943	0.964835
7944	0.965602
7945	0.965471
7946	0.965501
7947	0.964536
7948	0.960994
7949	0.965617
7950	0.965294
7951	0.960111
7952	0.965429
7953	0.965567
7954	0.961948
7955	0.965696
7956	0.96365
7957	0.965612
7958	0.958393
7959	0.957812
7960	0.960376
7961	0.953929
7962	0.959764
7963	0.946401
7964	0.959661
7965	0.963904
7966	0.965536
7967	0.965614
7968	0.957095
7969	0.963348
7970	0.965407
7971	0.962778
7972	0.95916
7973	0.965849
7974	0.963292
7975	0.963414
7976	0.965147
7977	0.964635
7978	0.965078
7979	0.965773
7980	0.961284
7981	0.964727
7982	0.965412
7983	0.965472
7984	0.955785
7985	0.96518
7986	0.961802
7987	0.964674
7988	0.963967
7989	0.96596
7990	0.965964
7991	0.961679
7992	0.965339
7993	0.965183
7994	0.962795
7995	0.965409
7996	0.964622
7997	0.965214
7998	0.957665
7999	0.962919
8000	0.952678
8001	0.962873
8002	0.966085
8003	0.964132
8004	0.965531
8005	0.963346
8006	0.966155
8007	0.953307
8008	0.953886
8009	0.966304
8010	0.96635
8011	0.963284
8012	0.963674
8013	0.951696
8014	0.96139
8015	0.964812
8016	0.965529
8017	0.963558
8018	0.963348
8019	0.966349
8020	0.965499
8021	0.960361
8022	0.962667
8023	0.958353
8024	0.959988
8025	0.963565
8026	0.963651
8027	0.964839
8028	0.958935
8029	0.958882
8030	0.965945
8031	0.964215
8032	0.966067
8033	0.966076
8034	0.955504
8035	0.963787
8036	0.961351
8037	0.963103
8038	0.965574
8039	0.965907
8040	0.96147
8041	0.965793
8042	0.962964
8043	0.960421
8044	0.958766
8045	0.962844
8046	0.961193
8047	0.966186
8048	0.966786
8049	0.964756
8050	0.966545
8051	0.966812
8052	0.964713
8053	0.96426
8054	0.964916
8055	0.965497
8056	0.96628
8057	0.966383
8058	0.966867
8059	0.964638
8060	0.963575
8061	0.966838
8062	0.964721
8063	0.96238
8064	0.966683
8065	0.9643
8066	0.965989
8067	0.966923
8068	0.966168
8069	0.966122
8070	0.960038
8071	0.965077
8072	0.966713
8073	0.966879
8074	0.96695
8075	0.965161
8076	0.963535
8077	0.966635
8078	0.966316
8079	0.964251
8080	0.964538
8081	0.965654
8082	0.965262
8083	0.965807
8084	0.96678
8085	0.956222
8086	0.96424
8087	0.966313
8088	0.966561
8089	0.9658
8090	0.963585
8091	0.963174
8092	0.965968
8093	0.966407
8094	0.959601
8095	0.964397
8096	0.963855
8097	0.960061
8098	0.963639
8099	0.961292
8100	0.966673
8101	0.963143
8102	0.964143
8103	0.962923
8104	0.966786
8105	0.963291
8106	0.963367
8107	0.964991
8108	0.95547
8109	0.962601
8110	0.962469
8111	0.962253
8112	0.958788
8113	0.96272
8114	0.943611
8115	0.963641
8116	0.96644
8117	0.965884
8118	0.961785
8119	0.957
8120	0.96543
8121	0.952506
8122	0.961644
8123	0.947797
8124	0.962831
8125	0.953243
8126	0.964441
8127	0.954124
8128	0.966799
8129	0.966775
8130	0.930949
8131	0.947152
8132	0.962948
8133	0.954517
8134	0.897828
8135	0.916103
8136	0.953506
8137	0.951454
8138	0.96668
8139	0.961679
8140	0.949404
8141	0.913646
8142	0.909643
8143	0.964939
8144	0.931008
8145	0.962937
8146	0.937299
8147	0.931319
8148	0.909268
8149	0.93908
8150	0.910649
8151	0.965548
8152	0.941678
8153	0.93256
8154	0.912062
8155	0.872275
8156	0.96415
8157	0.962512
8158	0.878815
8159	0.963898
8160	0.96601
8161	0.888007
8162	0.793888
8163	0.948201
8164	0.884973
8165	0.847343
8166	0.962981
8167	0.962607
8168	0.963518
8169	0.86313
8170	0.822784
8171	0.963644
8172	0.964376
8173	0.961414
8174	0.963265
8175	0.957244
8176	0.961647
8177	0.795361
8178	0.878336
8179	0.874857
8180	0.960234
8181	0.962901
8182	0.872121
8183	0.951467
8184	0.964366
8185	0.965912
8186	0.894868
8187	0.956375
8188	0.960376
8189	0.807608
8190	0.954251
8191	0.964006
8192	0.963057
8193	0.843133
8194	0.96046
8195	0.966446
8196	0.966422
8197	0.953368
8198	0.822059
8199	0.942401
8200	0.932882
8201	0.914956
8202	0.965762
8203	0.967197
8204	0.967257
8205	0.959726
8206	0.967561
8207	0.966836
8208	0.967377
8209	0.96321
8210	0.947868
8211	0.96421
8212	0.929685
8213	0.965572
8214	0.960817
8215	0.964832
8216	0.967214
8217	0.965476
8218	0.897338
8219	0.965408
8220	0.96693
8221	0.956484
8222	0.933994
8223	0.964667
8224	0.907103
8225	0.961438
8226	0.931141
8227	0.80984
8228	0.710478
8229	0.876579
8230	0.895317
8231	0.826482
8232	0.894574
8233	0.964478
8234	0.882364
8235	0.955056
8236	0.958326
8237	0.939126
8238	0.964807
8239	0.966112
8240	0.94253
8241	0.966481
8242	0.963526
8243	0.900606
8244	0.912852
8245	0.967373
8246	0.967772
8247	0.964986
8248	0.967779
8249	0.966134
8250	0.967408
8251	0.967945
8252	0.965534
8253	0.934787
8254	0.967767
8255	0.966653
8256	0.907493
8257	0.898837
8258	0.961381
8259	0.963935
8260	0.911791
8261	0.966735
8262	0.967076
8263	0.937664
8264	0.952286
8265	0.964748
8266	0.968247
8267	0.967904
8268	0.968333
8269	0.96248
8270	0.968189
8271	0.967529
8272	0.910987
8273	0.960174
8274	0.855808
8275	0.950026
8276	0.951084
8277	0.907979
8278	0.966937
8279	0.952957
8280	0.906047
8281	0.965326
8282	0.847145
8283	0.965109
8284	0.96822
8285	0.967727
8286	0.967924
8287	0.96293
8288	0.822991
8289	0.947937
8290	0.932405
8291	0.966383
8292	0.968657
8293	0.968189
8294	0.874058
8295	0.931099
8296	0.961312
8297	0.968826
8298	0.967989
8299	0.966932
8300	0.912064
8301	0.952699
8302	0.968285
8303	0.967494
8304	0.928084
8305	0.864074
8306	0.965253
8307	0.96745
8308	0.966522
8309	0.967668
8310	0.965482
8311	0.966023
8312	0.925072
8313	0.96773
8314	0.957485
8315	0.968588
8316	0.93285
8317	0.966817
8318	0.894722
8319	0.967257
8320	0.968555
8321	0.876372
8322	0.909112
8323	0.969132
8324	0.969386
8325	0.96936
8326	0.964443
8327	0.965044
8328	0.966673
8329	0.962539
8330	0.926432
8331	0.967653
8332	0.959772
8333	0.96095
8334	0.944869
8335	0.963225
8336	0.956681
8337	0.969442
8338	0.968277
8339	0.90022
8340	0.968956
8341	0.968036
8342	0.954856
8343	0.969203
8344	0.96742
8345	0.969343
8346	0.968658
8347	0.96732
8348	0.96909
8349	0.947464
8350	0.967105
8351	0.969242
8352	0.96917
8353	0.962879
8354	0.955849
8355	0.963821
8356	0.969667
8357	0.939977
8358	0.967009
8359	0.968447
8360	0.966892
8361	0.969621
8362	0.942758
8363	0.968361
8364	0.969899
8365	0.969742
8366	0.969287
8367	0.949937
8368	0.969245
8369	0.969396
8370	0.967422
8371	0.968268
8372	0.969888
8373	0.967551
8374	0.956424
8375	0.967774
8376	0.956137
8377	0.961933
8378	0.968164
8379	0.969792
8380	0.970338
8381	0.968863
8382	0.969244
8383	0.969917
8384	0.962898
8385	0.964169
8386	0.964139
8387	0.967794
8388	0.966365
8389	0.969196
8390	0.969692
8391	0.970477
8392	0.970547
8393	0.970334
8394	0.9633
8395	0.96743
8396	0.969714
8397	0.96566
8398	0.968219
8399	0.970399
8400	0.967811
8401	0.968378
8402	0.970506
8403	0.969414
8404	0.968543
8405	0.963787
8406	0.967955
8407	0.970524
8408	0.966931
8409	0.960461
8410	0.967067
8411	0.969283
8412	0.970669
8413	0.970583
8414	0.969692
8415	0.9644
8416	0.968003
8417	0.968259
8418	0.966735
8419	0.966952
8420	0.970491
8421	0.970397
8422	0.970442
8423	0.970511
8424	0.970645
8425	0.970625
8426	0.97045
8427	0.970232
8428	0.968476
8429	0.970407
8430	0.968948
8431	0.965299
8432	0.97037
8433	0.970433
8434	0.970328
8435	0.969633
8436	0.964413
8437	0.968962
8438	0.968025
8439	0.9708
8440	0.970333
8441	0.969105
8442	0.969052
8443	0.969252
8444	0.970804
8445	0.969007
8446	0.969847
8447	0.970563
8448	0.970804
8449	0.970816
8450	0.970096
8451	0.970115
8452	0.969453
8453	0.970899
8454	0.970917
8455	0.97088
8456	0.970994
8457	0.970351
8458	0.971023
8459	0.971001
8460	0.966087
8461	0.970741
8462	0.97017
8463	0.970227
8464	0.970809
8465	0.971051
8466	0.97108
8467	0.971057
8468	0.97089
8469	0.970483
8470	0.970754
8471	0.971054
8472	0.971075
8473	0.970978
8474	0.969965
8475	0.970967
8476	0.971069
8477	0.97105
8478	0.969321
8479	0.970481
8480	0.967758
8481	0.970826
8482	0.97048
8483	0.970963
8484	0.971123
8485	0.971144
8486	0.971066
8487	0.967645
8488	0.970246
8489	0.971095
8490	0.971151
8491	0.97105
8492	0.968768
8493	0.971093
8494	0.969931
8495	0.971116
8496	0.97014
8497	0.970181
8498	0.971152
8499	0.970928
8500	0.969731
8501	0.971146
8502	0.970842
8503	0.969658
8504	0.971144
8505	0.971112
8506	0.968299
8507	0.971169
8508	0.971196
8509	0.971145
8510	0.970461
8511	0.971027
8512	0.962524
8513	0.96997
8514	0.971155
8515	0.970951
8516	0.970119
8517	0.970757
8518	0.970937
8519	0.97046
8520	0.967105
8521	0.971186
8522	0.97116
8523	0.96973
8524	0.971197
8525	0.970661
8526	0.969873
8527	0.971151
8528	0.971266
8529	0.971261
8530	0.970123
8531	0.970951
8532	0.970866
8533	0.971307
8534	0.971175
8535	0.969361
8536	0.970419
8537	0.970146
8538	0.971319
8539	0.971246
8540	0.969674
8541	0.967003
8542	0.971358
8543	0.971387
8544	0.971312
8545	0.971403
8546	0.969889
8547	0.970963
8548	0.971427
8549	0.971367
8550	0.970875
8551	0.971423
8552	0.971417
8553	0.971326
8554	0.969131
8555	0.970609
8556	0.970364
8557	0.971512
8558	0.971422
8559	0.971202
8560	0.971485
8561	0.971566
8562	0.970719
8563	0.971524
8564	0.971636
8565	0.971642
8566	0.971662
8567	0.971588
8568	0.97164
8569	0.97078
8570	0.971566
8571	0.97042
8572	0.971194
8573	0.970268
8574	0.971374
8575	0.971642
8576	0.971178
8577	0.971728
8578	0.971774
8579	0.971793
8580	0.971819
8581	0.971202
8582	0.971827
8583	0.971676
8584	0.971825
8585	0.97187
8586	0.971892
8587	0.971508
8588	0.971912
8589	0.971909
8590	0.971146
8591	0.970971
8592	0.971808
8593	0.971747
8594	0.971986
8595	0.971816
8596	0.972002
8597	0.971979
8598	0.972027
8599	0.972069
8600	0.97208
8601	0.971865
8602	0.972077
8603	0.972117
8604	0.972148
8605	0.972143
8606	0.971796
8607	0.972185
8608	0.971952
8609	0.972152
8610	0.971783
8611	0.972075
8612	0.972223
8613	0.972208
8614	0.972265
8615	0.972242
8616	0.972225
8617	0.972223
8618	0.972198
8619	0.972319
8620	0.972116
8621	0.972111
8622	0.972308
8623	0.972238
8624	0.972355
8625	0.97209
8626	0.972044
8627	0.972335
8628	0.972237
8629	0.97231
8630	0.972431
8631	0.972302
8632	0.972437
8633	0.972368
8634	0.972538
8635	0.972396
8636	0.972557
8637	0.972384
8638	0.972584
8639	0.972524
8640	0.97261
8641	0.972606
8642	0.972638
8643	0.972645
8644	0.972642
8645	0.972564
8646	0.97268
8647	0.972625
8648	0.972695
8649	0.972703
8650	0.972646
8651	0.972537
8652	0.972726
8653	0.972734
8654	0.97261
8655	0.972749
8656	0.972599
8657	0.972816
8658	0.972826
8659	0.972645
8660	0.972827
8661	0.972662
8662	0.972872
8663	0.972882
8664	0.972712
8665	0.972879
8666	0.972729
8667	0.97288
8668	0.972935
8669	0.972788
8670	0.972949
8671	0.972787
8672	0.972975
8673	0.972983
8674	0.972979
8675	0.972845
8676	0.972848
8677	0.973013
8678	0.97302
8679	0.973028
8680	0.972967
8681	0.973037
8682	0.973
8683	0.973058
8684	0.973065
8685	0.973073
8686	0.973058
8687	0.973054
8688	0.973095
8689	0.972906
8690	0.973033
8691	0.973082
8692	0.973083
8693	0.973103
8694	0.973173
8695	0.973194
8696	0.973207
8697	0.973207
8698	0.973171
8699	0.973215
8700	0.973211
8701	0.973222
8702	0.973259
8703	0.973234
8704	0.973272
8705	0.973256
8706	0.973258
8707	0.973301
8708	0.973158
8709	0.973322
8710	0.973284
8711	0.973317
8712	0.973316
8713	0.97336
8714	0.973331
8715	0.973378
8716	0.973387
8717	0.973371
8718	0.973388
8719	0.973392
8720	0.973425
8721	0.973414
8722	0.973434
8723	0.973452
8724	0.973444
8725	0.973459
8726	0.973459
8727	0.973482
8728	0.97349
8729	0.973453
8730	0.973504
8731	0.973512
8732	0.973519
8733	0.973526
8734	0.973534
8735	0.973477
8736	0.973352
8737	0.973556
8738	0.973551
8739	0.97357
8740	0.973578
8741	0.973585
8742	0.973592
8743	0.973508
8744	0.973607
8745	0.973614
8746	0.973621
8747	0.973629
8748	0.973632
8749	0.973473
8750	0.973645
8751	0.973658
8752	0.973665
8753	0.973672
8754	0.97368
8755	0.973687
8756	0.973694
8757	0.973701
8758	0.973407
8759	0.97365
8760	0.973707
8761	0.97358
8762	0.973738
8763	0.973745
8764	0.97373
8765	0.973754
8766	0.973766
8767	0.97373
8768	0.973773
8769	0.973761
8770	0.973576
8771	0.973803
8772	0.973784
8773	0.973817
8774	0.973821
8775	0.973831
8776	0.973839
8777	0.973846
8778	0.973853
8779	0.97386
8780	0.973065
8781	0.973757
8782	0.973745
8783	0.973815
8784	0.973896
8785	0.973711
8786	0.973659
8787	0.973614
8788	0.973925
8789	0.973932
8790	0.973939
8791	0.973946
8792	0.973618
8793	0.973943
8794	0.973967
8795	0.973975
8796	0.973982
8797	0.973989
8798	0.973996
8799	0.974003
8800	0.973055
8801	0.974017
8802	0.974024
8803	0.972862
8804	0.973665
8805	0.973836
8806	0.974018
8807	0.97406
8808	0.974067
8809	0.973948
8810	0.974018
8811	0.973989
8812	0.972086
8813	0.974102
8814	0.974109
8815	0.974116
8816	0.974123
8817	0.97413
8818	0.974126
8819	0.972855
8820	0.971628
8821	0.974049
8822	0.973587
8823	0.974097
8824	0.97418
8825	0.974187
8826	0.974194
8827	0.974201
8828	0.974208
8829	0.974213
8830	0.974168
8831	0.971913
8832	0.974125
8833	0.974232
8834	0.974238
8835	0.97371
8836	0.972985
8837	0.973995
8838	0.973715
8839	0.973944
8840	0.974184
8841	0.974283
8842	0.97429
8843	0.974296
8844	0.9743
8845	0.97429
8846	0.973147
8847	0.97429
8848	0.974147
8849	0.974327
8850	0.97432
8851	0.974132
8852	0.972435
8853	0.97406
8854	0.974348
8855	0.974358
8856	0.974332
8857	0.971376
8858	0.970166
8859	0.969202
8860	0.974331
8861	0.97439
8862	0.974402
8863	0.974408
8864	0.974409
8865	0.97412
8866	0.970236
8867	0.974189
8868	0.974408
8869	0.973218
8870	0.97432
8871	0.974449
8872	0.973821
8873	0.974413
8874	0.974472
8875	0.97448
8876	0.974483
8877	0.974373
8878	0.973687
8879	0.963479
8880	0.973462
8881	0.974367
8882	0.971889
8883	0.974468
8884	0.97453
8885	0.97454
8886	0.974538
8887	0.97433
8888	0.974457
8889	0.97441
8890	0.974566
8891	0.974577
8892	0.97458
8893	0.974547
8894	0.972885
8895	0.974021
8896	0.973781
8897	0.971169
8898	0.974558
8899	0.972755
8900	0.973903
8901	0.970359
8902	0.974605
8903	0.974648
8904	0.974659
8905	0.974663
8906	0.974646
8907	0.971917
8908	0.972924
8909	0.974667
8910	0.974653
8911	0.972362
8912	0.974642
8913	0.974705
8914	0.97471
8915	0.974648
8916	0.972124
8917	0.968341
8918	0.969324
8919	0.974059
8920	0.970016
8921	0.974604
8922	0.974087
8923	0.97414
8924	0.974737
8925	0.974236
8926	0.974622
8927	0.970392
8928	0.974346
8929	0.9511
8930	0.952434
8931	0.971887
8932	0.970315
8933	0.973961
8934	0.945169
8935	0.973434
8936	0.971296
8937	0.974444
8938	0.974242
8939	0.974689
8940	0.953142
8941	0.96789
8942	0.953783
8943	0.972477
8944	0.969657
8945	0.974442
8946	0.951783
8947	0.943706
8948	0.972766
8949	0.94706
8950	0.974157
8951	0.96582
8952	0.916387
8953	0.972344
8954	0.919351
8955	0.875634
8956	0.972449
8957	0.971559
8958	0.942132
8959	0.968624
8960	0.97421
8961	0.971629
8962	0.883765
8963	0.875103
8964	0.931602
8965	0.897111
8966	0.88227
8967	0.956965
8968	0.973769
8969	0.967435
8970	0.972292
8971	0.873463
8972	0.854561
8973	0.946844
8974	0.926781
8975	0.902408
8976	0.953435
8977	0.967014
8978	0.973915
8979	0.97257
8980	0.880524
8981	0.826137
8982	0.969446
8983	0.973601
8984	0.971834
8985	0.971806
8986	0.938339
8987	0.782303
8988	0.756251
8989	0.871877
8990	0.941541
8991	0.789412
8992	0.696391
8993	0.948338
8994	0.970119
8995	0.971808
8996	0.973506
8997	0.972533
8998	0.972884
8999	0.96602
9000	0.737656
9001	0.87334
9002	0.969989
9003	0.946408
9004	0.77227
9005	0.970452
9006	0.967528
9007	0.883135
9008	0.89333
9009	0.941662
9010	0.97112
9011	0.965947
9012	0.799957
9013	0.967774
9014	0.968772
9015	0.970571
9016	0.915991
9017	0.647415
9018	0.94809
9019	0.971164
9020	0.97006
9021	0.971231
9022	0.941632
9023	0.802096
9024	0.968801
9025	0.948926
9026	0.733528
9027	0.966861
9028	0.972623
9029	0.947168
9030	0.962794
9031	0.901668
9032	0.951569
9033	0.973874
9034	0.97425
9035	0.961675
9036	0.974502
9037	0.974772
9038	0.974683
9039	0.973289
9040	0.948696
9041	0.963729
9042	0.950183
9043	0.901729
9044	0.973428
9045	0.974781
9046	0.974617
9047	0.953924
9048	0.966849
9049	0.968537
9050	0.974526
9051	0.955937
9052	0.971152
9053	0.862559
9054	0.969635
9055	0.974075
9056	0.97441
9057	0.972021
9058	0.972076
9059	0.974138
9060	0.910323
9061	0.944401
9062	0.951001
9063	0.913892
9064	0.909529
9065	0.970775
9066	0.970114
9067	0.973194
9068	0.964069
9069	0.753732
9070	0.959093
9071	0.963651
9072	0.743955
9073	0.951249
9074	0.870892
9075	0.963567
9076	0.97349
9077	0.974566
9078	0.972628
9079	0.890586
9080	0.828515
9081	0.817599
9082	0.95742
9083	0.972053
9084	0.973752
9085	0.961009
9086	0.942461
9087	0.685713
9088	0.965855
9089	0.971837
9090	0.912514
9091	0.969934
9092	0.929706
9093	0.938928
9094	0.893517
9095	0.918244
9096	0.969546
9097	0.973256
9098	0.943348
9099	0.942857
9100	0.750639
9101	0.915393
9102	0.969643
9103	0.974154
9104	0.972813
9105	0.864241
9106	0.913137
9107	0.866624
9108	0.87601
9109	0.965209
9110	0.971144
9111	0.971464
9112	0.97286
9113	0.964265
9114	0.97167
9115	0.970145
9116	0.944164
9117	0.931059
9118	0.871035
9119	0.747717
9120	0.965343
9121	0.968963
9122	0.974809
9123	0.974573
9124	0.943294
9125	0.954855
9126	0.973202
9127	0.965759
9128	0.916872
9129	0.908556
9130	0.856234
9131	0.804619
9132	0.936461
9133	0.959754
9134	0.917869
9135	0.911627
9136	0.796058
9137	0.75276
9138	0.969371
9139	0.973626
9140	0.956817
9141	0.954759
9142	0.972911
9143	0.950047
9144	0.93814
9145	0.960306
9146	0.962009
9147	0.968547
9148	0.969087
9149	0.962177
9150	0.920543
9151	0.948229
9152	0.88168
9153	0.759271
9154	0.962534
9155	0.866612
9156	0.738602
9157	0.936692
9158	0.971926
9159	0.971173
9160	0.917827
9161	0.925465
9162	0.968535
9163	0.958647
9164	0.943112
9165	0.970823
9166	0.975015
9167	0.959244
9168	0.905519
9169	0.933121
9170	0.97144
9171	0.959975
9172	0.940782
9173	0.921191
9174	0.751465
9175	0.84071
9176	0.954873
9177	0.860869
9178	0.955292
9179	0.949439
9180	0.97282
9181	0.940831
9182	0.966393
9183	0.964838
9184	0.884742
9185	0.869001
9186	0.967985
9187	0.967082
9188	0.971987
9189	0.976005
9190	0.956143
9191	0.972548
9192	0.952673
9193	0.930374
9194	0.974847
9195	0.871639
9196	0.878739
9197	0.972749
9198	0.974716
9199	0.96286
9200	0.975161
9201	0.972681
9202	0.976177
9203	0.976177
9204	0.971725
9205	0.968694
9206	0.948237
9207	0.952267
9208	0.944366
9209	0.954932
9210	0.974527
9211	0.972186
9212	0.974651
9213	0.936836
9214	0.963324
9215	0.907162
9216	0.965383
9217	0.868761
9218	0.965904
9219	0.975478
9220	0.971998
9221	0.974401
9222	0.951054
9223	0.975709
9224	0.974896
9225	0.908232
9226	0.974937
9227	0.975265
9228	0.973023
9229	0.958668
9230	0.948547
9231	0.957683
9232	0.973908
9233	0.947333
9234	0.973604
9235	0.920216
9236	0.965233
9237	0.963477
9238	0.931917
9239	0.932934
9240	0.956011
9241	0.969492
9242	0.971043
9243	0.942898
9244	0.95629
9245	0.927765
9246	0.907518
9247	0.968428
9248	0.975921
9249	0.960887
9250	0.962725
9251	0.901955
9252	0.968195
9253	0.966927
9254	0.953577
9255	0.964348
9256	0.97555
9257	0.966398
9258	0.973167
9259	0.954401
9260	0.917831
9261	0.944675
9262	0.936598
9263	0.962385
9264	0.971547
9265	0.973871
9266	0.958284
9267	0.972452
9268	0.975589
9269	0.952484
9270	0.962468
9271	0.968288
9272	0.961345
9273	0.907948
9274	0.965235
9275	0.950192
9276	0.961262
9277	0.948085
9278	0.947867
9279	0.78456
9280	0.854354
9281	0.964086
9282	0.955671
9283	0.951809
9284	0.949416
9285	0.818302
9286	0.900795
9287	0.905073
9288	0.938373
9289	0.930413
9290	0.935656
9291	0.892361
9292	0.960481
9293	0.891831
9294	0.91023
9295	0.788051
9296	0.955651
9297	0.9227
9298	0.761219
9299	0.946136
9300	0.839592
9301	0.726652
9302	0.88833
9303	0.95183
9304	0.754971
9305	0.91151
9306	0.958334
9307	0.91029
9308	0.630824
9309	0.674413
9310	0.697343
9311	0.950734
9312	0.870196
9313	0.952994
9314	0.911859
9315	0.724982
9316	0.493586
9317	0.405164
9318	0.924175
9319	0.597457
9320	0.926383
9321	0.874572
9322	0.861775
9323	0.614491
9324	0.706618
9325	0.415051
9326	0.68347
9327	0.912093
9328	0.618725
9329	0.917202
9330	0.894906
9331	0.781284
9332	0.841867
9333	0.730564
9334	0.430176
9335	0.648509
9336	0.695132
9337	0.775525
9338	0.750707
9339	0.498753
9340	0.779361
9341	0.91039
9342	0.635133
9343	0.301434
9344	0.227198
9345	0.524403
9346	0.545219
9347	0.862616
9348	0.921856
9349	0.94646
9350	0.887485
9351	0.916802
9352	0.925285
9353	0.53041
9354	0.22737
9355	0.668552
9356	0.903433
9357	0.693243
9358	0.258713
9359	0.495217
9360	0.91335
9361	0.843034
9362	0.922154
9363	0.920263
9364	0.918939
9365	0.533947
9366	0.614287
9367	0.711265
9368	0.917551
9369	0.576203
9370	0.646048
9371	0.434804
9372	0.519407
9373	0.862135
9374	0.926502
9375	0.830166
9376	0.912078
9377	0.73135
9378	0.447973
9379	0.867653
9380	0.707399
9381	0.301899
9382	0.689768
9383	0.912009
9384	0.892474
9385	0.944275
9386	0.804257
9387	0.341932
9388	0.816899
9389	0.95732
9390	0.963979
9391	0.935114
9392	0.831692
9393	0.963609
9394	0.92031
9395	0.939489
9396	0.904921
9397	0.958263
9398	0.954073
9399	0.660138
9400	0.818573
9401	0.927638
9402	0.798897
9403	0.891345
9404	0.855533
9405	0.907829
9406	0.936339
9407	0.835623
9408	0.956337
9409	0.802998
9410	0.611861
9411	0.73298
9412	0.930432
9413	0.901032
9414	0.869188
9415	0.955071
9416	0.950181
9417	0.83501
9418	0.566719
9419	0.946971
9420	0.943248
9421	0.891186
9422	0.662023
9423	0.948791
9424	0.949878
9425	0.92162
9426	0.812691
9427	0.290215
9428	0.326312
9429	0.764453
9430	0.794932
9431	0.618808
9432	0.935757
9433	0.951727
9434	0.956438
9435	0.951433
9436	0.94936
9437	0.835756
9438	0.347742
9439	0.895506
9440	0.721007
9441	0.134302
9442	0.745622
9443	0.571544
9444	0.77087
9445	0.914963
9446	0.718144
9447	0.953054
9448	0.959485
9449	0.849914
9450	0.784051
9451	0.940361
9452	0.950009
9453	0.936234
9454	0.647237
9455	0.647711
9456	0.517647
9457	0.845157
9458	0.945532
9459	0.897347
9460	0.392453
9461	0.405526
9462	0.81393
9463	0.94785
9464	0.921866
9465	0.801606
9466	0.89446
9467	0.908601
9468	0.849175
9469	0.543685
9470	0.784535
9471	0.911113
9472	0.953339
9473	0.939965
9474	0.783157
9475	0.651281
9476	0.829839
9477	0.901459
9478	0.958033
9479	0.928439
9480	0.483779
9481	0.629527
9482	0.332158
9483	0.865156
9484	0.93923
9485	0.927943
9486	0.85827
9487	0.86393
9488	0.932527
9489	0.966641
9490	0.932509
9491	0.947661
9492	0.935433
9493	0.733054
9494	0.331921
9495	0.754051
9496	0.916948
9497	0.667679
9498	0.793005
9499	0.834433
9500	0.689949
9501	0.277342
9502	0.573345
9503	0.928589
9504	0.941732
9505	0.936363
9506	0.86679
9507	0.95919
9508	0.936376
9509	0.941835
9510	0.960445
9511	0.89188
9512	0.957437
9513	0.909542
9514	0.831019
9515	0.931328
9516	0.885615
9517	0.398343
9518	0.844855
9519	0.685276
9520	0.843982
9521	0.902546
9522	0.3738
9523	0.778351
9524	0.91107
9525	0.699442
9526	0.945387
9527	0.887571
9528	0.709419
9529	0.7004
9530	0.913284
9531	0.935371
9532	0.888359
9533	0.917415
9534	0.947591
9535	0.9269
9536	0.548746
9537	0.945633
9538	0.86365
9539	0.93525
9540	0.953256
9541	0.727228
9542	0.948638
9543	0.913991
9544	0.273871
9545	0.858201
9546	0.815402
9547	0.902312
9548	0.955432
9549	0.847611
9550	0.904484
9551	0.940316
9552	0.954556
9553	0.690829
9554	0.608007
9555	0.881697
9556	0.82843
9557	0.591048
9558	0.820938
9559	0.912912
9560	0.966281
9561	0.965642
9562	0.900903
9563	0.777091
9564	0.778471
9565	0.661522
9566	0.831036
9567	0.623819
9568	0.954418
9569	0.761323
9570	0.915127
9571	0.752985
9572	0.943783
9573	0.946346
9574	0.96731
9575	0.96936
9576	0.93843
9577	0.886985
9578	0.97067
9579	0.919695
9580	0.639503
9581	0.633948
9582	0.812005
9583	0.963695
9584	0.956328
9585	0.955268
9586	0.895904
9587	0.863763
9588	0.891589
9589	0.600787
9590	0.743469
9591	0.798326
9592	0.73803
9593	0.844074
9594	0.845466
9595	0.855734
9596	0.937242
9597	0.943569
9598	0.801253
9599	0.796125
9600	0.940684
9601	0.91142
9602	0.971808
9603	0.95051
9604	0.916736
9605	0.620157
9606	0.830386
9607	0.95389
9608	0.856723
9609	0.955707
9610	0.802557
9611	0.945702
9612	0.970346
9613	0.970404
9614	0.911007
9615	0.734476
9616	0.922825
9617	0.971955
9618	0.816101
9619	0.951422
9620	0.829578
9621	0.707271
9622	0.914388
9623	0.782917
9624	0.933704
9625	0.889057
9626	0.701779
9627	0.939979
9628	0.928825
9629	0.917667
9630	0.953786
9631	0.970372
9632	0.975257
9633	0.965115
9634	0.96828
9635	0.951006
9636	0.789515
9637	0.693644
9638	0.802586
9639	0.964084
9640	0.888896
9641	0.870668
9642	0.974013
9643	0.932405
9644	0.968523
9645	0.730228
9646	0.71658
9647	0.905739
9648	0.957934
9649	0.914795
9650	0.950303
9651	0.96424
9652	0.930069
9653	0.894187
9654	0.95125
9655	0.914215
9656	0.940743
9657	0.899651
9658	0.964142
9659	0.970181
9660	0.909282
9661	0.855984
9662	0.714323
9663	0.883133
9664	0.934359
9665	0.858237
9666	0.961354
9667	0.888398
9668	0.958113
9669	0.970045
9670	0.838125
9671	0.840047
9672	0.97549
9673	0.976467
9674	0.97737
9675	0.975083
9676	0.975566
9677	0.976341
9678	0.97686
9679	0.973615
9680	0.785338
9681	0.888129
9682	0.93497
9683	0.972286
9684	0.967828
9685	0.977084
9686	0.947732
9687	0.972544
9688	0.969983
9689	0.961606
9690	0.969236
9691	0.975564
9692	0.912665
9693	0.975326
9694	0.970742
9695	0.954686
9696	0.975723
9697	0.976178
9698	0.940356
9699	0.971673
9700	0.943802
9701	0.84872
9702	0.913368
9703	0.976858
9704	0.978125
9705	0.966352
9706	0.976795
9707	0.978231
9708	0.974072
9709	0.905934
9710	0.976847
9711	0.975342
9712	0.972064
9713	0.972367
9714	0.973719
9715	0.796201
9716	0.94865
9717	0.973696
9718	0.976241
9719	0.978335
9720	0.9729
9721	0.974342
9722	0.975417
9723	0.867968
9724	0.944145
9725	0.910297
9726	0.972837
9727	0.963819
9728	0.957913
9729	0.967989
9730	0.968476
9731	0.914359
9732	0.97737
9733	0.976208
9734	0.969373
9735	0.833579
9736	0.886409
9737	0.843543
9738	0.939133
9739	0.96563
9740	0.977232
9741	0.974452
9742	0.965987
9743	0.838356
9744	0.854088
9745	0.964683
9746	0.975719
9747	0.975139
9748	0.96861
9749	0.785617
9750	0.93912
9751	0.976074
9752	0.97712
9753	0.965079
9754	0.833206
9755	0.961328
9756	0.949883
9757	0.947786
9758	0.768534
9759	0.954485
9760	0.976781
9761	0.973909
9762	0.934668
9763	0.80716
9764	0.955974
9765	0.942924
9766	0.939195
9767	0.978201
9768	0.973338
9769	0.950413
9770	0.978693
9771	0.978846
9772	0.976417
9773	0.976462
9774	0.908586
9775	0.970386
9776	0.974931
9777	0.929147
9778	0.975453
9779	0.909927
9780	0.962733
9781	0.97561
9782	0.842699
9783	0.917405
9784	0.976883
9785	0.976739
9786	0.974143
9787	0.929389
9788	0.976938
9789	0.968613
9790	0.972431
9791	0.866663
9792	0.971517
9793	0.837994
9794	0.951208
9795	0.961537
9796	0.976861
9797	0.979151
9798	0.974739
9799	0.928291
9800	0.945234
9801	0.965797
9802	0.851918
9803	0.927837
9804	0.97655
9805	0.973499
9806	0.976002
9807	0.979372
9808	0.974221
9809	0.972046
9810	0.974895
9811	0.979231
9812	0.968866
9813	0.958929
9814	0.963555
9815	0.976623
9816	0.959028
9817	0.970824
9818	0.954567
9819	0.977086
9820	0.979748
9821	0.978216
9822	0.954578
9823	0.977793
9824	0.971563
9825	0.908736
9826	0.919426
9827	0.970295
9828	0.979364
9829	0.978357
9830	0.979231
9831	0.969698
9832	0.928748
9833	0.978629
9834	0.979573
9835	0.979287
9836	0.96882
9837	0.978656
9838	0.977085
9839	0.978152
9840	0.97263
9841	0.979606
9842	0.971628
9843	0.953426
9844	0.956185
9845	0.974977
9846	0.974084
9847	0.976293
9848	0.973497
9849	0.920759
9850	0.976109
9851	0.971875
9852	0.978916
9853	0.975676
9854	0.97916
9855	0.977881
9856	0.978624
9857	0.9717
9858	0.979617
9859	0.979828
9860	0.979244
9861	0.977109
9862	0.979938
9863	0.980077
9864	0.979442
9865	0.976973
9866	0.97632
9867	0.978132
9868	0.972467
9869	0.976133
9870	0.966908
9871	0.979279
9872	0.980097
9873	0.97695
9874	0.951801
9875	0.976105
9876	0.980149
9877	0.979998
9878	0.97371
9879	0.978312
9880	0.977104
9881	0.97955
9882	0.980207
9883	0.980109
9884	0.979319
9885	0.978503
9886	0.979286
9887	0.980207
9888	0.978552
9889	0.979489
9890	0.979277
9891	0.979319
9892	0.979426
9893	0.979484
9894	0.976659
9895	0.977441
9896	0.977381
9897	0.976675
9898	0.977713
9899	0.969466
9900	0.973605
9901	0.976763
9902	0.978211
9903	0.980192
9904	0.980119
9905	0.978254
9906	0.980032
9907	0.980151
9908	0.975346
9909	0.979427
9910	0.977822
9911	0.979971
9912	0.979111
9913	0.980183
9914	0.979824
9915	0.978597
9916	0.979835
9917	0.980279
9918	0.980283
9919	0.97888
9920	0.977051
9921	0.979599
9922	0.980319
9923	0.979429
9924	0.979399
9925	0.98021
9926	0.970622
9927	0.971548
9928	0.979508
9929	0.977328
9930	0.979846
9931	0.978487
9932	0.980304
9933	0.979975
9934	0.979292
9935	0.979644
9936	0.979511
9937	0.980405
9938	0.980419
9939	0.97984
9940	0.979149
9941	0.978505
9942	0.979889
9943	0.980431
9944	0.980404
9945	0.980403
9946	0.980449
9947	0.980173
9948	0.980473
9949	0.980471
9950	0.980125
9951	0.979064
9952	0.979572
9953	0.980077
9954	0.980499
9955	0.980056
9956	0.979317
9957	0.978802
9958	0.979957
9959	0.980487
9960	0.980553
9961	0.980432
9962	0.980078
9963	0.980571
9964	0.980549
9965	0.980412
9966	0.980126
9967	0.97771
9968	0.980133
9969	0.980264
9970	0.980359
9971	0.980379
9972	0.980617
9973	0.980621
9974	0.980607
9975	0.980343
9976	0.980574
9977	0.976402
9978	0.980528
9979	0.98043
9980	0.980651
9981	0.980655
9982	0.98066
9983	0.980653
9984	0.977928
9985	0.980587
9986	0.980459
9987	0.980205
9988	0.98028
9989	0.979516
9990	0.980644
9991	0.980586
9992	0.980599
9993	0.975474
9994	0.980455
9995	0.9803
9996	0.980742
9997	0.980731
9998	0.979672
9999	0.976421
10000	0.980278
10001	0.980755
10002	0.980526
10003	0.980779
10004	0.980789
10005	0.980793
10006	0.980797
10007	0.980801
10008	0.980803
10009	0.980796
10010	0.979846
10011	0.979364
10012	0.978465
10013	0.980492
10014	0.980809
10015	0.98061
10016	0.97928
10017	0.964956
10018	0.979972
10019	0.977538
10020	0.9808
10021	0.980457
10022	0.976376
10023	0.977713
10024	0.978883
10025	0.980847
10026	0.980037
10027	0.980878
10028	0.980891
10029	0.980895
10030	0.980899
10031	0.980901
10032	0.980795
10033	0.980885
10034	0.980779
10035	0.980901
10036	0.980806
10037	0.975096
10038	0.979405
10039	0.980894
10040	0.980917
10041	0.980465
10042	0.976791
10043	0.980915
10044	0.980955
10045	0.980963
10046	0.980867
10047	0.98085
10048	0.979103
10049	0.980886
10050	0.980977
10051	0.980975
10052	0.980695
10053	0.975695
10054	0.980458
10055	0.980955
10056	0.980999
10057	0.981003
10058	0.980971
10059	0.979055
10060	0.980972
10061	0.980987
10062	0.980922
10063	0.980978
10064	0.978953
10065	0.980976
10066	0.981035
10067	0.981034
10068	0.980625
10069	0.980689
10070	0.978876
10071	0.98104
10072	0.981058
10073	0.980659
10074	0.980365
10075	0.980929
10076	0.981041
10077	0.980125
10078	0.974949
10079	0.980769
10080	0.981058
10081	0.98102
10082	0.979006
10083	0.981014
10084	0.981103
10085	0.981095
10086	0.980991
10087	0.974393
10088	0.980803
10089	0.979886
10090	0.980083
10091	0.977693
10092	0.979171
10093	0.972699
10094	0.980908
10095	0.978106
10096	0.981071
10097	0.980511
10098	0.979206
10099	0.980997
10100	0.977112
