#wavelength	grating_1ch	grating_2ch	grating_3ch	fiber	adc	other_preopt	slicer	dichroic	fold	collimator	camera	qe	telescope
2800	0.80	0.85	0.85	0.96	0.94	0.98	0.93	0.96	1.00	0.96	0.93	0.70	0.85
3000	0.79	0.90	0.91	0.96	0.94	0.98	0.93	0.96	1.00	0.96	0.93	0.78	0.85
3050	0.84	0.91	0.93	0.96	0.94	0.98	0.93	0.96	1.00	0.96	0.93	0.79	0.85
3100	0.88	0.93	0.95	0.96	0.94	0.98	0.93	0.96	1.00	0.96	0.93	0.80	0.85
3200	0.91	0.96	0.97	0.96	0.94	0.98	0.93	0.96	1.00	0.96	0.93	0.80	0.85
3250	0.93	0.97	0.97	0.96	0.94	0.98	0.93	0.96	1.00	0.96	0.93	0.80	0.85
3300	0.95	0.97	0.95	0.96	0.94	0.98	0.93	0.96	1.00	0.96	0.93	0.80	0.85
3400	0.97	0.95	0.95	0.96	0.94	0.98	0.93	0.96	1.00	0.96	0.93	0.80	0.85
3500	0.96	0.92	0.97	0.96	0.94	0.98	0.93	0.96	0.97	0.96	0.93	0.79	0.85
3600	0.94	0.93	0.96	0.96	0.94	0.98	0.93	0.96	0.97	0.96	0.93	0.77	0.85
3700	0.91	0.96	0.94	0.96	0.94	0.98	0.93	0.96	0.97	0.96	0.93	0.72	0.85
3750	0.88	0.97	0.95	0.96	0.94	0.98	0.93	0.96	0.97	0.96	0.93	0.72	0.85
3800	0.87	0.97	0.96	0.96	0.94	0.98	0.93	0.96	0.97	0.96	0.93	0.72	0.85
3850	0.85	0.96	0.97	0.96	0.94	0.98	0.93	0.96	0.97	0.96	0.93	0.72	0.85
3900	0.83	0.95	0.97	0.96	0.94	0.98	0.93	0.96	0.97	0.96	0.93	0.72	0.85
4000	0.78	0.92	0.95	0.96	0.94	0.98	0.93	0.96	0.97	0.96	0.93	0.74	0.85
4100	0.74	0.88	0.92	0.96	0.94	0.98	0.93	0.96	0.97	0.96	0.93	0.76	0.85
4200	0.70	0.85	0.88	0.96	0.94	0.98	0.93	0.96	0.97	0.96	0.93	0.75	0.85

